Interpolated X1	Interpolated Y1
0	5.36749
0.025	5.36167
0.05	5.35585
0.075	5.35003
0.1	5.34422
0.125	5.3384
0.15	5.33258
0.175	5.32676
0.2	5.32094
0.225	5.31512
0.25	5.30931
0.275	5.30349
0.3	5.29767
0.325	5.29185
0.35	5.28603
0.375	5.28021
0.4	5.27439
0.425	5.26858
0.45	5.26276
0.475	5.25694
0.5	5.25112
0.525	5.2453
0.55	5.23948
0.575	5.23367
0.6	5.22785
0.625	5.22203
0.65	5.21621
0.675	5.21039
0.7	5.20457
0.725	5.19875
0.75	5.19294
0.775	5.18712
0.8	5.1813
0.825	5.17548
0.85	5.16966
0.875	5.16384
0.9	5.15802
0.925	5.15221
0.95	5.14639
0.975	5.14057
1	5.13475
1.025	5.12893
1.05	5.12311
1.075	5.1173
1.1	5.11148
1.125	5.10566
1.15	5.09984
1.175	5.09402
1.2	5.0882
1.225	5.08238
1.25	5.07657
1.275	5.07075
1.3	5.06493
1.325	5.05911
1.35	5.05329
1.375	5.04747
1.4	5.04166
1.425	5.03584
1.45	5.03002
1.475	5.0242
1.5	5.01838
1.525	5.01256
1.55	5.00674
1.575	5.00093
1.6	4.99511
1.625	4.98929
1.65	4.98347
1.675	4.97765
1.7	4.97183
1.725	4.96601
1.75	4.9602
1.775	4.95438
1.8	4.94856
1.825	4.94274
1.85	4.93692
1.875	4.9311
1.9	4.92529
1.925	4.91947
1.95	4.91365
1.975	4.90783
2	4.90201
2.025	4.89619
2.05	4.89037
2.075	4.88456
2.1	4.87874
2.125	4.87292
2.15	4.8671
2.175	4.86128
2.2	4.85546
2.225	4.84965
2.25	4.84383
2.275	4.83801
2.3	4.83219
2.325	4.82637
2.35	4.82055
2.375	4.81473
2.4	4.80892
2.425	4.8031
2.45	4.79728
2.475	4.79146
2.5	4.78564
2.525	4.77982
2.55	4.774
2.575	4.76819
2.6	4.76237
2.625	4.75655
2.65	4.75073
2.675	4.74491
2.7	4.73909
2.725	4.73328
2.75	4.72746
2.775	4.72164
2.8	4.71582
2.825	4.71
2.85	4.70418
2.875	4.69836
2.9	4.69255
2.925	4.68673
2.95	4.68091
2.975	4.67509
3	4.66927
3.025	4.66345
3.05	4.65764
3.075	4.65182
3.1	4.646
3.125	4.64018
3.15	4.63436
3.175	4.62854
3.2	4.62272
3.225	4.61691
3.25	4.61109
3.275	4.60527
3.3	4.59945
3.325	4.59363
3.35	4.58781
3.375	4.582
3.4	4.57618
3.425	4.57036
3.45	4.56454
3.475	4.55872
3.5	4.5529
3.525	4.54708
3.55	4.54127
3.575	4.53545
3.6	4.52963
3.625	4.52381
3.65	4.51799
3.675	4.51217
3.7	4.50636
3.725	4.50054
3.75	4.49472
3.775	4.4889
3.8	4.48308
3.825	4.47726
3.85	4.47144
3.875	4.46563
3.9	4.45981
3.925	4.45399
3.95	4.44817
3.975	4.44235
4	4.43653
4.025	4.43071
4.05	4.4249
4.075	4.41908
4.1	4.41326
4.125	4.40744
4.15	4.40162
4.175	4.3958
4.2	4.38999
4.225	4.38417
4.25	4.37835
4.275	4.37253
4.3	4.36671
4.325	4.36089
4.35	4.35507
4.375	4.34926
4.4	4.34344
4.425	4.33762
4.45	4.3318
4.475	4.32598
4.5	4.32016
4.525	4.31434
4.55	4.30853
4.575	4.30271
4.6	4.29689
4.625	4.29107
4.65	4.28525
4.675	4.27943
4.7	4.27362
4.725	4.2678
4.75	4.26198
4.775	4.25616
4.8	4.25035
4.825	4.24453
4.85	4.23872
4.875	4.2329
4.9	4.22709
4.925	4.22128
4.95	4.21546
4.975	4.20965
5	4.20384
5.025	4.19802
5.05	4.19221
5.075	4.1864
5.1	4.18058
5.125	4.17477
5.15	4.16897
5.175	4.16316
5.2	4.15736
5.225	4.15155
5.25	4.14575
5.275	4.13994
5.3	4.13414
5.325	4.12834
5.35	4.12254
5.375	4.11674
5.4	4.11094
5.425	4.10514
5.45	4.09934
5.475	4.09354
5.5	4.08774
5.525	4.08194
5.55	4.07614
5.575	4.07034
5.6	4.06454
5.625	4.05875
5.65	4.05296
5.675	4.04717
5.7	4.04138
5.725	4.03559
5.75	4.0298
5.775	4.02401
5.8	4.01823
5.825	4.01244
5.85	4.00666
5.875	4.00087
5.9	3.99509
5.925	3.9893
5.95	3.98352
5.975	3.97774
6	3.97196
6.025	3.96617
6.05	3.96039
6.075	3.95461
6.1	3.94883
6.125	3.94306
6.15	3.93728
6.175	3.93151
6.2	3.92573
6.225	3.91996
6.25	3.91418
6.275	3.90841
6.3	3.90264
6.325	3.89687
6.35	3.8911
6.375	3.88533
6.4	3.87956
6.425	3.87379
6.45	3.86803
6.475	3.86226
6.5	3.85649
6.525	3.85072
6.55	3.84496
6.575	3.83919
6.6	3.83343
6.625	3.82767
6.65	3.8219
6.675	3.81614
6.7	3.81038
6.725	3.80462
6.75	3.79886
6.775	3.7931
6.8	3.78734
6.825	3.78158
6.85	3.77582
6.875	3.77006
6.9	3.7643
6.925	3.75854
6.95	3.75278
6.975	3.74703
7	3.74127
7.025	3.73551
7.05	3.72975
7.075	3.72399
7.1	3.71824
7.125	3.71248
7.15	3.70672
7.175	3.70097
7.2	3.69521
7.225	3.68945
7.25	3.6837
7.275	3.67794
7.3	3.67218
7.325	3.66643
7.35	3.66067
7.375	3.65491
7.4	3.64915
7.425	3.6434
7.45	3.63764
7.475	3.63188
7.5	3.62613
7.525	3.62037
7.55	3.61461
7.575	3.60885
7.6	3.6031
7.625	3.59734
7.65	3.59158
7.675	3.58582
7.7	3.58007
7.725	3.57431
7.75	3.56855
7.775	3.56279
7.8	3.55703
7.825	3.55127
7.85	3.54551
7.875	3.53976
7.9	3.534
7.925	3.52825
7.95	3.5225
7.975	3.51674
8	3.51099
8.025	3.50523
8.05	3.49948
8.075	3.49372
8.1	3.48797
8.125	3.48221
8.15	3.47646
8.175	3.47071
8.2	3.46495
8.225	3.4592
8.25	3.45344
8.275	3.44769
8.3	3.44193
8.325	3.43618
8.35	3.43043
8.375	3.42468
8.4	3.41892
8.425	3.41317
8.45	3.40742
8.475	3.40167
8.5	3.39592
8.525	3.39017
8.55	3.38442
8.575	3.37867
8.6	3.37292
8.625	3.36717
8.65	3.36141
8.675	3.35565
8.7	3.3499
8.725	3.34414
8.75	3.33838
8.775	3.33263
8.8	3.32687
8.825	3.32111
8.85	3.31536
8.875	3.3096
8.9	3.30384
8.925	3.29809
8.95	3.29233
8.975	3.28657
9	3.28081
9.025	3.27506
9.05	3.2693
9.075	3.26354
9.1	3.25779
9.125	3.25203
9.15	3.24626
9.175	3.24049
9.2	3.23472
9.225	3.22895
9.25	3.22318
9.275	3.21741
9.3	3.21164
9.325	3.20586
9.35	3.20009
9.375	3.19431
9.4	3.18853
9.425	3.18276
9.45	3.17698
9.475	3.17119
9.5	3.1654
9.525	3.15961
9.55	3.15382
9.575	3.14802
9.6	3.14223
9.625	3.13644
9.65	3.13065
9.675	3.12486
9.7	3.11907
9.725	3.11328
9.75	3.10749
9.775	3.1017
9.8	3.09591
9.825	3.09012
9.85	3.08433
9.875	3.07854
9.9	3.07275
9.925	3.06695
9.95	3.06115
9.975	3.05535
10	3.04954
10.025	3.04374
10.05	3.03794
10.075	3.03213
10.1	3.02632
10.125	3.02051
10.15	3.0147
10.175	3.00889
10.2	3.00308
10.225	2.99727
10.25	2.99145
10.275	2.98561
10.3	2.97977
10.325	2.97394
10.35	2.9681
10.375	2.96227
10.4	2.95643
10.425	2.95059
10.45	2.94476
10.475	2.93892
10.5	2.93309
10.525	2.92725
10.55	2.92141
10.575	2.91558
10.6	2.90974
10.625	2.9039
10.65	2.89807
10.675	2.89223
10.7	2.8864
10.725	2.88056
10.75	2.87472
10.775	2.86889
10.8	2.86305
10.825	2.85721
10.85	2.85138
10.875	2.84554
10.9	2.83968
10.925	2.83381
10.95	2.82793
10.975	2.82206
11	2.81619
11.025	2.81032
11.05	2.80443
11.075	2.79853
11.1	2.79262
11.125	2.78671
11.15	2.78081
11.175	2.7749
11.2	2.76899
11.225	2.76309
11.25	2.75718
11.275	2.75128
11.3	2.74538
11.325	2.73947
11.35	2.73357
11.375	2.72766
11.4	2.72176
11.425	2.71585
11.45	2.70995
11.475	2.70404
11.5	2.69814
11.525	2.69223
11.55	2.68633
11.575	2.68042
11.6	2.67452
11.625	2.66862
11.65	2.66271
11.675	2.65681
11.7	2.65088
11.725	2.64495
11.75	2.63902
11.775	2.63309
11.8	2.62716
11.825	2.62123
11.85	2.6153
11.875	2.60937
11.9	2.60343
11.925	2.5975
11.95	2.59156
11.975	2.58563
12	2.57969
12.025	2.57376
12.05	2.56783
12.075	2.56189
12.1	2.55596
12.125	2.55002
12.15	2.54409
12.175	2.53815
12.2	2.53222
12.225	2.52628
12.25	2.52035
12.275	2.51441
12.3	2.50848
12.325	2.50255
12.35	2.49661
12.375	2.49068
12.4	2.48474
12.425	2.47881
12.45	2.47287
12.475	2.46694
12.5	2.461
12.525	2.45507
12.55	2.44913
12.575	2.4432
12.6	2.43726
12.625	2.43133
12.65	2.4254
12.675	2.41948
12.7	2.41356
12.725	2.40764
12.75	2.40172
12.775	2.3958
12.8	2.38987
12.825	2.38395
12.85	2.37803
12.875	2.37211
12.9	2.36619
12.925	2.36027
12.95	2.35435
12.975	2.34841
13	2.34248
13.025	2.33654
13.05	2.3306
13.075	2.32467
13.1	2.31873
13.125	2.31279
13.15	2.30686
13.175	2.30092
13.2	2.29498
13.225	2.28905
13.25	2.28311
13.275	2.27717
13.3	2.27124
13.325	2.2653
13.35	2.25936
13.375	2.25342
13.4	2.24749
13.425	2.24155
13.45	2.23561
13.475	2.22967
13.5	2.22372
13.525	2.21777
13.55	2.21183
13.575	2.20588
13.6	2.19994
13.625	2.19395
13.65	2.18797
13.675	2.18199
13.7	2.176
13.725	2.17002
13.75	2.16403
13.775	2.15804
13.8	2.15203
13.825	2.14603
13.85	2.14003
13.875	2.13403
13.9	2.12802
13.925	2.12201
13.95	2.11598
13.975	2.10994
14	2.1039
14.025	2.09786
14.05	2.09183
14.075	2.08579
14.1	2.07975
14.125	2.07371
14.15	2.06768
14.175	2.06164
14.2	2.0556
14.225	2.04956
14.25	2.04353
14.275	2.03749
14.3	2.03145
14.325	2.02542
14.35	2.01938
14.375	2.01334
14.4	2.0073
14.425	2.0012
14.45	1.9951
14.475	1.989
14.5	1.98289
14.525	1.97679
14.55	1.97069
14.575	1.96457
14.6	1.95845
14.625	1.95233
14.65	1.94621
14.675	1.94009
14.7	1.93397
14.725	1.92784
14.75	1.9217
14.775	1.91557
14.8	1.90943
14.825	1.90329
14.85	1.89715
14.875	1.89101
14.9	1.88486
14.925	1.87871
14.95	1.87256
14.975	1.86641
15	1.86026
15.025	1.85411
15.05	1.84796
15.075	1.84181
15.1	1.83566
15.125	1.82951
15.15	1.82336
15.175	1.81721
15.2	1.81106
15.225	1.80489
15.25	1.79873
15.275	1.79257
15.3	1.7864
15.325	1.78024
15.35	1.77408
15.375	1.76792
15.4	1.76176
15.425	1.75561
15.45	1.74945
15.475	1.74329
15.5	1.73714
15.525	1.73097
15.55	1.7248
15.575	1.71862
15.6	1.71245
15.625	1.70627
15.65	1.7001
15.675	1.69392
15.7	1.68778
15.725	1.68164
15.75	1.67551
15.775	1.66938
15.8	1.66324
15.825	1.65711
15.85	1.65098
15.875	1.64484
15.9	1.63871
15.925	1.63257
15.95	1.62644
15.975	1.62031
16	1.61417
16.025	1.60804
16.05	1.60191
16.075	1.59577
16.1	1.58964
16.125	1.5835
16.15	1.57737
16.175	1.57124
16.2	1.5651
16.225	1.55897
16.25	1.55284
16.275	1.5467
16.3	1.54057
16.325	1.53443
16.35	1.52829
16.375	1.52215
16.4	1.516
16.425	1.50986
16.45	1.50372
16.475	1.49757
16.5	1.49145
16.525	1.48534
16.55	1.47922
16.575	1.4731
16.6	1.46699
16.625	1.46087
16.65	1.45475
16.675	1.44861
16.7	1.44247
16.725	1.43634
16.75	1.4302
16.775	1.42406
16.8	1.41793
16.825	1.41179
16.85	1.40565
16.875	1.39952
16.9	1.39338
16.925	1.38724
16.95	1.38111
16.975	1.37497
17	1.36883
17.025	1.3627
17.05	1.35656
17.075	1.35042
17.1	1.34428
17.125	1.33815
17.15	1.33201
17.175	1.32587
17.2	1.31974
17.225	1.3136
17.25	1.30746
17.275	1.30133
17.3	1.29519
17.325	1.28905
17.35	1.28292
17.375	1.27678
17.4	1.27064
17.425	1.26451
17.45	1.25837
17.475	1.25223
17.5	1.2461
17.525	1.23996
17.55	1.23382
17.575	1.22769
17.6	1.22155
17.625	1.21541
17.65	1.20927
17.675	1.20314
17.7	1.197
17.725	1.19086
17.75	1.18473
17.775	1.17869
17.8	1.17271
17.825	1.16673
17.85	1.16076
17.875	1.15478
17.9	1.14881
17.925	1.14284
17.95	1.13688
17.975	1.13092
18	1.12497
18.025	1.11901
18.05	1.11306
18.075	1.1071
18.1	1.10114
18.125	1.09517
18.15	1.08921
18.175	1.08325
18.2	1.07729
18.225	1.07132
18.25	1.06536
18.275	1.0594
18.3	1.05343
18.325	1.04747
18.35	1.04151
18.375	1.03554
18.4	1.02958
18.425	1.02362
18.45	1.01765
18.475	1.01169
18.5	1.00573
18.525	0.99976
18.55	0.9938
18.575	0.98784
18.6	0.98188
18.625	0.97591
18.65	0.96995
18.675	0.96399
18.7	0.95802
18.725	0.95206
18.75	0.9461
18.775	0.94013
18.8	0.93417
18.825	0.92821
18.85	0.92224
18.875	0.91628
18.9	0.91032
18.925	0.90435
18.95	0.89839
18.975	0.89243
19	0.88646
19.025	0.8805
19.05	0.87453
19.075	0.86855
19.1	0.86257
19.125	0.85659
19.15	0.85061
19.175	0.84463
19.2	0.83865
19.225	0.83267
19.25	0.82669
19.275	0.82071
19.3	0.81473
19.325	0.80875
19.35	0.80277
19.375	0.79677
19.4	0.79075
19.425	0.78473
19.45	0.77872
19.475	0.7727
19.5	0.76668
19.525	0.76067
19.55	0.75469
19.575	0.74871
19.6	0.74274
19.625	0.73676
19.65	0.73078
19.675	0.7248
19.7	0.71882
19.725	0.71284
19.75	0.70686
19.775	0.70088
19.8	0.6949
19.825	0.68892
19.85	0.68295
19.875	0.67699
19.9	0.67103
19.925	0.66507
19.95	0.65911
19.975	0.65315
20	0.64719
20.025	0.64143
20.05	0.63567
20.075	0.62992
20.1	0.62416
20.125	0.6184
20.15	0.61264
20.175	0.60689
20.2	0.60113
20.225	0.59537
20.25	0.58962
20.275	0.58386
20.3	0.5781
20.325	0.57234
20.35	0.56659
20.375	0.56083
20.4	0.55507
20.425	0.54932
20.45	0.54356
20.475	0.5378
20.5	0.53205
20.525	0.5263
20.55	0.52056
20.575	0.51481
20.6	0.50906
20.625	0.50331
20.65	0.49756
20.675	0.49179
20.7	0.48603
20.725	0.48026
20.75	0.4745
20.775	0.46874
20.8	0.46297
20.825	0.45725
20.85	0.45152
20.875	0.4458
20.9	0.44008
20.925	0.43435
20.95	0.42863
20.975	0.42301
21	0.41747
21.025	0.41193
21.05	0.40638
21.075	0.40084
21.1	0.3953
21.125	0.38976
21.15	0.38421
21.175	0.37867
21.2	0.37313
21.225	0.36758
21.25	0.36204
21.275	0.3565
21.3	0.35086
21.325	0.3452
21.35	0.33954
21.375	0.33388
21.4	0.32822
21.425	0.32255
21.45	0.31693
21.475	0.31136
21.5	0.30578
21.525	0.30021
21.55	0.29463
21.575	0.28906
21.6	0.28349
21.625	0.27791
21.65	0.27234
21.675	0.26677
21.7	0.26119
21.725	0.25562
21.75	0.25005
21.775	0.24447
21.8	0.2389
21.825	0.23333
21.85	0.22775
21.875	0.22218
21.9	0.21661
21.925	0.21103
21.95	0.20546
21.975	0.19989
22	0.19431
22.025	0.18874
22.05	0.18316
22.075	0.17759
22.1	0.1708
22.125	0.16371
22.15	0.15662
22.175	0.14953
22.2	0.14243
22.225	0.13534
22.25	0.12985
22.275	0.12675
22.3	0.12365
22.325	0.12056
22.35	0.11746
22.375	0.11436
22.4	0.11126
22.425	0.10817
22.45	0.10507
22.475	0.10197
22.5	0.09887
22.525	0.09577
22.55	0.09268
22.575	0.08958
22.6	0.08648
22.625	0.08338
22.65	0.08029
22.675	0.07719
22.7	0.07409
22.725	0.07099
22.75	0.0679
22.775	0.0648
22.8	0.0617
22.825	0.0586
22.85	0.05551
22.875	0.05241
22.9	0.04938
22.925	0.04637
22.95	0.04337
22.975	0.04036
23	0.03735
23.025	0.03434
23.05	0.03133
23.075	0.02833
23.1	0.02532
23.125	0.02231
23.15	0.0193
23.175	0.0163
23.2	0.01329
23.225	0.01028
23.25	0.00727
23.275	0.00426
23.3	0.00126
23.325	-0.00175
23.35	-0.00476
23.375	-0.00487
23.4	-0.00304
23.425	-0.00122
23.45	6.01526E-4
23.475	0.00242
23.5	0.00425
23.525	0.00567
23.55	0.00547
23.575	0.00527
23.6	0.00507
23.625	0.00488
23.65	0.00468
23.675	0.00448
23.7	0.0044
23.725	0.00435
23.75	0.00429
23.775	0.00424
23.8	0.00419
23.825	0.00413
23.85	0.00401
23.875	0.00379
23.9	0.00356
23.925	0.00334
23.95	0.00311
23.975	0.00289
24	0.00266
24.025	0.00244
24.05	0.00221
24.075	0.00199
24.1	0.00177
24.125	0.00154
24.15	0.00132
24.175	0.00109
24.2	8.6683E-4
24.225	6.42245E-4
24.25	4.17659E-4
24.275	1.93073E-4
24.3	-3.15125E-5
24.325	-2.56098E-4
24.35	-4.8068E-4
24.375	-7.05262E-4
24.4	-9.29845E-4
24.425	-0.00115
24.45	-0.00138
24.475	-0.0016
24.5	-0.00154
24.525	-0.00141
24.55	-0.00127
24.575	-0.00114
24.6	-0.001
24.625	-8.69847E-4
24.65	-7.91284E-4
24.675	-7.96226E-4
24.7	-8.01167E-4
24.725	-8.06109E-4
24.75	-8.11051E-4
24.775	-8.15993E-4
24.8	-8.20934E-4
24.825	-8.25876E-4
24.85	-8.30818E-4
24.875	-8.3576E-4
24.9	-8.40701E-4
24.925	-8.45643E-4
24.95	-8.50585E-4
24.975	-8.55527E-4
25	-8.60468E-4
25.025	-8.6541E-4
25.05	-8.70352E-4
25.075	-8.75294E-4
25.1	-8.80235E-4
25.125	-8.85177E-4
25.15	-8.90119E-4
25.175	-8.95061E-4
25.2	-9.00002E-4
25.225	-9.04944E-4
25.25	-9.09886E-4
25.275	-9.14828E-4
25.3	-9.17782E-4
25.325	-9.2024E-4
25.35	-9.22698E-4
25.375	-9.25156E-4
25.4	-9.27614E-4
25.425	-9.30071E-4
25.45	-9.33892E-4
25.475	-9.39754E-4
25.5	-9.45617E-4
25.525	-9.5148E-4
25.55	-9.57343E-4
25.575	-9.63206E-4
25.6	-9.69068E-4
25.625	-9.74931E-4
25.65	-9.80794E-4
25.675	-9.86656E-4
25.7	-9.92519E-4
25.725	-9.98382E-4
25.75	-0.001
25.775	-9.97765E-4
25.8	-9.83062E-4
25.825	-9.6836E-4
25.85	-9.53657E-4
25.875	-9.38954E-4
25.9	-9.24251E-4
25.925	-9.07296E-4
25.95	-8.81335E-4
25.975	-8.55374E-4
26	-8.29413E-4
26.025	-8.03452E-4
26.05	-7.77491E-4
26.075	-7.5153E-4
26.1	-7.25161E-4
26.125	-6.9869E-4
26.15	-6.72219E-4
26.175	-6.45747E-4
26.2	-6.19276E-4
26.225	-5.92805E-4
26.25	-5.66762E-4
26.275	-5.41363E-4
26.3	-5.15964E-4
26.325	-4.90565E-4
26.35	-4.65166E-4
26.375	-4.39767E-4
26.4	-4.14368E-4
26.425	-3.88969E-4
26.45	-3.6357E-4
26.475	-3.38171E-4
26.5	-3.12772E-4
26.525	-2.87373E-4
26.55	-2.61974E-4
26.575	-2.36575E-4
26.6	-2.11175E-4
26.625	-1.85776E-4
26.65	-1.60377E-4
26.675	-1.34978E-4
26.7	-1.09578E-4
26.725	-8.41791E-5
26.75	-5.87801E-5
26.775	-3.33811E-5
26.8	-7.98215E-6
26.825	1.74168E-5
26.85	4.28158E-5
26.875	6.82148E-5
26.9	5.05561E-5
26.925	2.2133E-5
26.95	-6.29011E-6
26.975	-3.47132E-5
27	-6.31363E-5
27.025	-9.15595E-5
27.05	-1.21297E-4
27.075	-1.53006E-4
27.1	-1.84716E-4
27.125	-2.16425E-4
27.15	-2.48135E-4
27.175	-2.79844E-4
27.2	-3.11554E-4
27.225	-3.43263E-4
27.25	-3.74973E-4
27.275	-4.06683E-4
27.3	-4.38392E-4
27.325	-4.70102E-4
27.35	-5.01811E-4
27.375	-5.33521E-4
27.4	-5.65231E-4
27.425	-5.9694E-4
27.45	-6.2865E-4
27.475	-6.6036E-4
27.5	-6.92069E-4
27.525	-7.23779E-4
27.55	-7.55489E-4
27.575	-7.87198E-4
27.6	-8.18908E-4
27.625	-8.50618E-4
27.65	-8.82327E-4
27.675	-9.14037E-4
27.7	-9.45747E-4
27.725	-9.77456E-4
27.75	-0.00101
27.775	-0.00104
27.8	-0.00107
27.825	-0.0011
27.85	-0.00114
27.875	-0.00117
27.9	-0.00121
27.925	-0.00124
27.95	-0.00127
27.975	-0.00131
28	-0.00134
28.025	-0.00137
28.05	-0.00141
28.075	-0.00144
28.1	-0.00147
28.125	-0.0015
28.15	-0.00153
28.175	-0.00158
28.2	-0.00163
28.225	-0.00169
28.25	-0.00174
28.275	-0.00179
28.3	-0.00185
28.325	-0.00189
28.35	-0.00186
28.375	-0.00184
28.4	-0.00181
28.425	-0.00179
28.45	-0.00176
28.475	-0.00174
28.5	-0.00172
28.525	-0.00169
28.55	-0.00167
28.575	-0.00164
28.6	-0.00162
28.625	-0.0016
28.65	-0.00157
28.675	-0.00155
28.7	-0.00152
28.725	-0.0015
28.75	-0.00147
28.775	-0.00145
28.8	-0.00142
28.825	-0.0014
28.85	-0.00137
28.875	-0.00135
28.9	-0.00132
28.925	-0.0013
28.95	-0.00127
28.975	-0.00125
29	-0.00122
29.025	-0.0012
29.05	-0.00117
29.075	-0.00115
29.1	-0.00112
29.125	-0.0011
29.15	-0.00107
29.175	-0.00105
29.2	-0.00102
29.225	-9.96392E-4
29.25	-9.71344E-4
29.275	-9.46296E-4
29.3	-8.68639E-4
29.325	-7.7783E-4
29.35	-6.8702E-4
29.375	-5.96211E-4
29.4	-5.05402E-4
29.425	-4.14593E-4
29.45	-3.5655E-4
29.475	-3.47638E-4
29.5	-3.38726E-4
29.525	-3.29814E-4
29.55	-3.20903E-4
29.575	-3.11991E-4
29.6	-3.03079E-4
29.625	-2.94167E-4
29.65	-2.85256E-4
29.675	-2.76344E-4
29.7	-2.67432E-4
29.725	-2.5852E-4
29.75	-2.49609E-4
29.775	-2.40697E-4
29.8	-2.31785E-4
29.825	-2.22873E-4
29.85	-2.13962E-4
29.875	-2.0505E-4
29.9	-1.96138E-4
29.925	-1.87226E-4
29.95	-1.78315E-4
29.975	-1.69403E-4
30	-1.60491E-4
30.025	-1.5158E-4
30.05	-1.42668E-4
30.075	-1.33756E-4
30.1	-1.24845E-4
30.125	-1.15933E-4
30.15	-1.07021E-4
30.175	-9.81093E-5
30.2	-8.91975E-5
30.225	-8.02858E-5
30.25	-7.14541E-5
30.275	-6.27425E-5
30.3	-5.40308E-5
30.325	-4.53192E-5
30.35	-3.66076E-5
30.375	-2.78959E-5
30.4	-1.91843E-5
30.425	-1.08421E-5
30.45	-2.49995E-6
30.475	5.84222E-6
30.5	1.41844E-5
30.525	2.25266E-5
30.55	3.08687E-5
30.575	2.93772E-5
30.6	2.13297E-5
30.625	1.32823E-5
30.65	5.23491E-6
30.675	-2.81251E-6
30.7	-1.08599E-5
30.725	-1.71975E-5
30.75	-1.6696E-5
30.775	-1.61945E-5
30.8	-1.56929E-5
30.825	-1.51914E-5
30.85	-1.46899E-5
30.875	-1.41883E-5
30.9	-1.42217E-5
30.925	-1.43888E-5
30.95	-1.45559E-5
30.975	-1.4723E-5
31	-1.48901E-5
31.025	-1.50573E-5
31.05	-1.49054E-5
31.075	-1.42752E-5
31.1	-1.36449E-5
31.125	-1.30147E-5
31.15	-1.23844E-5
31.175	-1.17542E-5
31.2	-1.1124E-5
31.225	-1.04937E-5
31.25	-9.86349E-6
31.275	-9.23326E-6
31.3	-8.60303E-6
31.325	-7.9728E-6
31.35	-7.34257E-6
31.375	-6.71233E-6
31.4	-6.08209E-6
31.425	-5.45184E-6
31.45	-4.8216E-6
31.475	-4.19135E-6
31.5	-3.56111E-6
31.525	-2.93086E-6
31.55	-2.30063E-6
31.575	-1.6704E-6
31.6	-1.04017E-6
31.625	-4.09943E-7
31.65	2.20287E-7
31.675	8.50518E-7
31.7	7.44317E-7
31.725	4.54009E-7
31.75	1.63701E-7
31.775	-1.26607E-7
31.8	-4.16915E-7
31.825	-7.07223E-7
31.85	-8.70189E-7
31.875	-8.42205E-7
31.9	-8.14221E-7
31.925	-7.86237E-7
31.95	-7.58253E-7
31.975	-7.30269E-7
32	-7.02285E-7
32.025	-6.74301E-7
32.05	-6.46317E-7
32.075	-6.18333E-7
32.1	-5.9035E-7
32.125	-5.62366E-7
32.15	-5.34382E-7
32.175	-5.06398E-7
32.2	-4.78414E-7
32.225	-4.50429E-7
32.25	-4.22445E-7
32.275	-3.9446E-7
32.3	-3.66476E-7
32.325	-3.38492E-7
32.35	-3.10508E-7
32.375	-2.82524E-7
32.4	-2.5454E-7
32.425	-2.26557E-7
32.45	-1.98573E-7
32.475	-1.70589E-7
32.5	-1.42605E-7
32.525	-1.1462E-7
32.55	-8.6636E-8
32.575	-5.86516E-8
32.6	-3.06672E-8
32.625	-2.68275E-9
32.65	2.1628E-8
32.675	4.04282E-8
32.7	5.92284E-8
32.725	7.80286E-8
32.75	9.68288E-8
32.775	1.15629E-7
32.8	1.34429E-7
32.825	1.63313E-7
32.85	1.92196E-7
32.875	2.21079E-7
32.9	2.49963E-7
32.925	2.78846E-7
32.95	3.0773E-7
32.975	3.02049E-7
33	2.73337E-7
33.025	2.44625E-7
33.05	2.15913E-7
33.075	1.87201E-7
33.1	1.5849E-7
33.125	1.35406E-7
33.15	1.34836E-7
33.175	1.34266E-7
33.2	1.33697E-7
33.225	1.33127E-7
33.25	1.32557E-7
33.275	1.31987E-7
33.3	1.29175E-7
33.325	1.25803E-7
33.35	1.2243E-7
33.375	1.19058E-7
33.4	1.15686E-7
33.425	1.12314E-7
33.45	1.10298E-7
33.475	1.10319E-7
33.5	1.10339E-7
33.525	1.10359E-7
33.55	1.10379E-7
33.575	1.104E-7
33.6	1.1042E-7
33.625	1.1044E-7
33.65	1.10461E-7
33.675	1.10481E-7
33.7	1.10501E-7
33.725	1.10521E-7
33.75	1.10542E-7
33.775	1.10562E-7
33.8	1.10582E-7
33.825	1.10603E-7
33.85	1.10623E-7
33.875	1.10643E-7
33.9	1.10663E-7
33.925	1.10684E-7
33.95	1.10704E-7
33.975	1.10724E-7
34	1.10745E-7
34.025	1.10765E-7
34.05	1.10785E-7
34.075	1.10805E-7
34.1	1.10826E-7
34.125	1.10846E-7
34.15	1.10866E-7
34.175	1.10887E-7
34.2	1.10907E-7
34.225	1.10927E-7
34.25	1.09167E-7
34.275	1.04736E-7
34.3	1.00305E-7
34.325	9.58736E-8
34.35	9.14425E-8
34.375	8.70114E-8
34.4	8.25803E-8
34.425	8.16658E-8
34.45	8.07513E-8
34.475	7.98368E-8
34.5	7.89223E-8
34.525	7.80078E-8
34.55	7.70933E-8
34.575	7.61789E-8
34.6	7.52644E-8
34.625	7.43499E-8
34.65	7.34354E-8
34.675	7.25209E-8
34.7	7.16064E-8
34.725	7.06919E-8
34.75	6.97774E-8
34.775	6.88629E-8
34.8	6.79485E-8
34.825	6.7034E-8
34.85	6.61195E-8
34.875	6.5205E-8
34.9	6.42905E-8
34.925	6.3376E-8
34.95	6.24615E-8
34.975	6.1547E-8
35	6.06325E-8
35.025	5.97181E-8
35.05	5.84501E-8
35.075	5.66518E-8
35.1	5.48536E-8
35.125	5.30553E-8
35.15	5.12571E-8
35.175	4.94588E-8
35.2	4.76606E-8
35.225	4.60104E-8
35.25	4.43603E-8
35.275	4.27102E-8
35.3	4.106E-8
35.325	3.94099E-8
35.35	3.77597E-8
35.375	3.71063E-8
35.4	3.71173E-8
35.425	3.71283E-8
35.45	3.71394E-8
35.475	3.71504E-8
35.5	3.71614E-8
35.525	3.69838E-8
35.55	3.60516E-8
35.575	3.51194E-8
35.6	3.41871E-8
35.625	3.32549E-8
35.65	3.23227E-8
35.675	3.13905E-8
35.7	3.00702E-8
35.725	2.86529E-8
35.75	2.72356E-8
35.775	2.58183E-8
35.8	2.4401E-8
35.825	2.29837E-8
35.85	2.18353E-8
35.875	2.10903E-8
35.9	2.03452E-8
35.925	1.96002E-8
35.95	1.88551E-8
35.975	1.81101E-8
36	1.73651E-8
36.025	1.662E-8
36.05	1.5875E-8
36.075	1.513E-8
36.1	1.4385E-8
36.125	1.364E-8
36.15	1.28949E-8
36.175	1.21499E-8
36.2	1.14049E-8
36.225	1.06598E-8
36.25	9.91481E-9
36.275	9.16978E-9
36.3	8.42474E-9
36.325	7.67971E-9
36.35	6.93468E-9
36.375	6.18965E-9
36.4	5.44462E-9
36.425	4.69959E-9
36.45	3.95457E-9
36.475	3.20954E-9
36.5	2.46451E-9
36.525	1.71947E-9
36.55	9.74442E-10
36.575	2.2941E-10
36.6	-5.15622E-10
36.625	-1.26065E-9
36.65	-2.03685E-9
36.675	-2.85976E-9
36.7	-3.68267E-9
36.725	-4.50559E-9
36.75	-5.3285E-9
36.775	-6.15142E-9
36.8	-6.97433E-9
36.825	-7.35738E-9
36.85	-7.74044E-9
36.875	-8.12349E-9
36.9	-8.50654E-9
36.925	-8.8896E-9
36.95	-9.27265E-9
36.975	-9.65571E-9
37	-1.00388E-8
37.025	-1.04218E-8
37.05	-1.08049E-8
37.075	-1.1188E-8
37.1	-1.1571E-8
37.125	-1.19541E-8
37.15	-1.23371E-8
37.175	-1.27202E-8
37.2	-1.31033E-8
37.225	-1.34863E-8
37.25	-1.38694E-8
37.275	-1.42524E-8
37.3	-1.46355E-8
37.325	-1.50186E-8
37.35	-1.54016E-8
37.375	-1.57847E-8
37.4	-1.61678E-8
37.425	-1.65508E-8
37.45	-1.70713E-8
37.475	-1.77979E-8
37.5	-1.85245E-8
37.525	-1.92511E-8
37.55	-1.99776E-8
37.575	-2.07042E-8
37.6	-2.14308E-8
37.625	-2.21448E-8
37.65	-2.28587E-8
37.675	-2.35727E-8
37.7	-2.42867E-8
37.725	-2.50007E-8
37.75	-2.57147E-8
37.775	-2.59296E-8
37.8	-2.58119E-8
37.825	-2.56942E-8
37.85	-2.55766E-8
37.875	-2.54589E-8
37.9	-2.53413E-8
37.925	-2.53259E-8
37.95	-2.57194E-8
37.975	-2.6113E-8
38	-2.65066E-8
38.025	-2.69002E-8
38.05	-2.72938E-8
38.075	-2.76873E-8
38.1	-2.82747E-8
38.125	-2.89104E-8
38.15	-2.95462E-8
38.175	-3.01819E-8
38.2	-3.08177E-8
38.225	-3.14535E-8
38.25	-3.19483E-8
38.275	-3.22318E-8
38.3	-3.25153E-8
38.325	-3.27988E-8
38.35	-3.30824E-8
38.375	-3.33659E-8
38.4	-3.36494E-8
38.425	-3.39329E-8
38.45	-3.42164E-8
38.475	-3.44999E-8
38.5	-3.47834E-8
38.525	-3.50669E-8
38.55	-3.53504E-8
38.575	-3.56339E-8
38.6	-3.59174E-8
38.625	-3.62009E-8
38.65	-3.64844E-8
38.675	-3.6768E-8
38.7	-3.70515E-8
38.725	-3.7335E-8
38.75	-3.76185E-8
38.775	-3.7902E-8
38.8	-3.81855E-8
38.825	-3.8469E-8
38.85	-3.87525E-8
38.875	-3.9036E-8
38.9	-3.93195E-8
38.925	-3.9603E-8
38.95	-3.98865E-8
38.975	-4.017E-8
39	-4.04536E-8
39.025	-4.07371E-8
39.05	-4.10602E-8
39.075	-4.14429E-8
39.1	-4.18255E-8
39.125	-4.22082E-8
39.15	-4.25908E-8
39.175	-4.29735E-8
39.2	-4.33561E-8
39.225	-4.34973E-8
39.25	-4.36385E-8
39.275	-4.37797E-8
39.3	-4.39209E-8
39.325	-4.40621E-8
39.35	-4.42033E-8
39.375	-4.43445E-8
39.4	-4.44857E-8
39.425	-4.46269E-8
39.45	-4.47681E-8
39.475	-4.49093E-8
39.5	-4.50504E-8
39.525	-4.51916E-8
39.55	-4.53328E-8
39.575	-4.5474E-8
39.6	-4.56152E-8
39.625	-4.57564E-8
39.65	-4.58976E-8
39.675	-4.60388E-8
39.7	-4.618E-8
39.725	-4.63212E-8
39.75	-4.64624E-8
39.775	-4.66036E-8
39.8	-4.67448E-8
39.825	-4.6886E-8
39.85	-4.70875E-8
39.875	-4.73796E-8
39.9	-4.76717E-8
39.925	-4.79638E-8
39.95	-4.82558E-8
39.975	-4.85479E-8
40	-4.884E-8
40.025	-4.91421E-8
40.05	-4.94442E-8
40.075	-4.97463E-8
40.1	-5.00484E-8
40.125	-5.03505E-8
40.15	-5.06526E-8
40.175	-5.07096E-8
40.2	-5.06033E-8
40.225	-5.0497E-8
40.25	-5.03907E-8
40.275	-5.02844E-8
40.3	-5.01781E-8
40.325	-5.01264E-8
40.35	-5.02931E-8
40.375	-5.04598E-8
40.4	-5.06266E-8
40.425	-5.07933E-8
40.45	-5.096E-8
40.475	-5.11267E-8
40.5	-5.12935E-8
40.525	-5.14602E-8
40.55	-5.16269E-8
40.575	-5.17936E-8
40.6	-5.19603E-8
40.625	-5.21271E-8
40.65	-5.23215E-8
40.675	-5.25575E-8
40.7	-5.27935E-8
40.725	-5.30295E-8
40.75	-5.32654E-8
40.775	-5.35014E-8
40.8	-5.37374E-8
40.825	-5.38387E-8
40.85	-5.394E-8
40.875	-5.40412E-8
40.9	-5.41425E-8
40.925	-5.42438E-8
40.95	-5.43451E-8
40.975	-5.44464E-8
41	-5.45477E-8
41.025	-5.46489E-8
41.05	-5.47502E-8
41.075	-5.48515E-8
41.1	-5.49528E-8
41.125	-5.50541E-8
41.15	-5.51554E-8
41.175	-5.52566E-8
41.2	-5.53579E-8
41.225	-5.54592E-8
41.25	-5.55605E-8
41.275	-5.56618E-8
41.3	-5.57631E-8
41.325	-5.58643E-8
41.35	-5.59656E-8
41.375	-5.60669E-8
41.4	-5.61682E-8
41.425	-5.62695E-8
41.45	-5.64016E-8
41.475	-5.65801E-8
41.5	-5.67587E-8
41.525	-5.69372E-8
41.55	-5.71157E-8
41.575	-5.72942E-8
41.6	-5.74727E-8
41.625	-5.7517E-8
41.65	-5.75613E-8
41.675	-5.76057E-8
41.7	-5.765E-8
41.725	-5.76943E-8
41.75	-5.77386E-8
41.775	-5.7783E-8
41.8	-5.78273E-8
41.825	-5.78716E-8
41.85	-5.79159E-8
41.875	-5.79603E-8
41.9	-5.80046E-8
41.925	-5.80489E-8
41.95	-5.80932E-8
41.975	-5.81376E-8
42	-5.81819E-8
42.025	-5.82262E-8
42.05	-5.82706E-8
42.075	-5.83149E-8
42.1	-5.83592E-8
42.125	-5.84035E-8
42.15	-5.84479E-8
42.175	-5.84922E-8
42.2	-5.85365E-8
42.225	-5.85809E-8
42.25	-5.86528E-8
42.275	-5.8766E-8
42.3	-5.88793E-8
42.325	-5.89925E-8
42.35	-5.91058E-8
42.375	-5.9219E-8
42.4	-5.93323E-8
42.425	-5.94593E-8
42.45	-5.95864E-8
42.475	-5.97134E-8
42.5	-5.98404E-8
42.525	-5.99675E-8
42.55	-6.00945E-8
42.575	-6.02215E-8
42.6	-6.03486E-8
42.625	-6.04756E-8
42.65	-6.06026E-8
42.675	-6.07296E-8
42.7	-6.08567E-8
42.725	-6.09293E-8
42.75	-6.07843E-8
42.775	-6.06393E-8
42.8	-6.04944E-8
42.825	-6.03494E-8
42.85	-6.02044E-8
42.875	-6.00594E-8
42.9	-6.00847E-8
42.925	-6.01525E-8
42.95	-6.02203E-8
42.975	-6.02882E-8
43	-6.0356E-8
43.025	-6.04238E-8
43.05	-6.05076E-8
43.075	-6.06153E-8
43.1	-6.07231E-8
43.125	-6.08308E-8
43.15	-6.09385E-8
43.175	-6.10462E-8
43.2	-6.1154E-8
43.225	-6.11827E-8
43.25	-6.12115E-8
43.275	-6.12402E-8
43.3	-6.1269E-8
43.325	-6.12977E-8
43.35	-6.13265E-8
43.375	-6.13552E-8
43.4	-6.1384E-8
43.425	-6.14127E-8
43.45	-6.14415E-8
43.475	-6.14702E-8
43.5	-6.1499E-8
43.525	-6.15277E-8
43.55	-6.15565E-8
43.575	-6.15852E-8
43.6	-6.1614E-8
43.625	-6.16427E-8
43.65	-6.16715E-8
43.675	-6.17002E-8
43.7	-6.1729E-8
43.725	-6.17577E-8
43.75	-6.17865E-8
43.775	-6.18152E-8
43.8	-6.18439E-8
43.825	-6.18727E-8
43.85	-6.19219E-8
43.875	-6.20017E-8
43.9	-6.20816E-8
43.925	-6.21614E-8
43.95	-6.22413E-8
43.975	-6.23211E-8
44	-6.2401E-8
44.025	-6.2409E-8
44.05	-6.2417E-8
44.075	-6.24249E-8
44.1	-6.24329E-8
44.125	-6.24409E-8
44.15	-6.24489E-8
44.175	-6.24568E-8
44.2	-6.24648E-8
44.225	-6.24728E-8
44.25	-6.24808E-8
44.275	-6.24887E-8
44.3	-6.24967E-8
44.325	-6.25047E-8
44.35	-6.25127E-8
44.375	-6.25206E-8
44.4	-6.25286E-8
44.425	-6.25366E-8
44.45	-6.25446E-8
44.475	-6.25525E-8
44.5	-6.25605E-8
44.525	-6.25685E-8
44.55	-6.25765E-8
44.575	-6.25844E-8
44.6	-6.25924E-8
44.625	-6.26004E-8
44.65	-6.26084E-8
44.675	-6.26163E-8
44.7	-6.26243E-8
44.725	-6.26323E-8
44.75	-6.26403E-8
44.775	-6.26482E-8
44.8	-6.26562E-8
44.825	-6.27371E-8
44.85	-6.2818E-8
44.875	-6.28989E-8
44.9	-6.29798E-8
44.925	-6.30607E-8
44.95	-6.31416E-8
44.975	-6.32042E-8
45	-6.32547E-8
45.025	-6.33052E-8
45.05	-6.33557E-8
45.075	-6.34062E-8
45.1	-6.34567E-8
45.125	-6.34801E-8
45.15	-6.33948E-8
45.175	-6.33095E-8
45.2	-6.32242E-8
45.225	-6.31389E-8
45.25	-6.30536E-8
45.275	-6.29683E-8
45.3	-6.29712E-8
45.325	-6.29962E-8
45.35	-6.30212E-8
45.375	-6.30462E-8
45.4	-6.30712E-8
45.425	-6.30962E-8
45.45	-6.31306E-8
45.475	-6.31792E-8
45.5	-6.32278E-8
45.525	-6.32764E-8
45.55	-6.3325E-8
45.575	-6.33736E-8
45.6	-6.34222E-8
45.625	-6.34253E-8
45.65	-6.34284E-8
45.675	-6.34315E-8
45.7	-6.34345E-8
45.725	-6.34376E-8
45.75	-6.34407E-8
45.775	-6.34438E-8
45.8	-6.34469E-8
45.825	-6.345E-8
45.85	-6.34531E-8
45.875	-6.34562E-8
45.9	-6.34593E-8
45.925	-6.34624E-8
45.95	-6.34655E-8
45.975	-6.34686E-8
46	-6.34717E-8
46.025	-6.34748E-8
46.05	-6.34779E-8
46.075	-6.3481E-8
46.1	-6.34841E-8
46.125	-6.34872E-8
46.15	-6.34903E-8
46.175	-6.34934E-8
46.2	-6.34965E-8
46.225	-6.34996E-8
46.25	-6.35141E-8
46.275	-6.35458E-8
46.3	-6.35774E-8
46.325	-6.36091E-8
46.35	-6.36408E-8
46.375	-6.36724E-8
46.4	-6.37041E-8
46.425	-6.37024E-8
46.45	-6.37007E-8
46.475	-6.36991E-8
46.5	-6.36974E-8
46.525	-6.36957E-8
46.55	-6.3694E-8
46.575	-6.36923E-8
46.6	-6.36907E-8
46.625	-6.3689E-8
46.65	-6.36873E-8
46.675	-6.36856E-8
46.7	-6.3684E-8
46.725	-6.36823E-8
46.75	-6.36806E-8
46.775	-6.36789E-8
46.8	-6.36772E-8
46.825	-6.36756E-8
46.85	-6.36739E-8
46.875	-6.36722E-8
46.9	-6.36705E-8
46.925	-6.36688E-8
46.95	-6.36672E-8
46.975	-6.36655E-8
47	-6.36638E-8
47.025	-6.36621E-8
47.05	-6.36604E-8
47.075	-6.36588E-8
47.1	-6.36571E-8
47.125	-6.36554E-8
47.15	-6.36537E-8
47.175	-6.3652E-8
47.2	-6.36504E-8
47.225	-6.36783E-8
47.25	-6.37062E-8
47.275	-6.37341E-8
47.3	-6.3762E-8
47.325	-6.37899E-8
47.35	-6.38178E-8
47.375	-6.38396E-8
47.4	-6.38573E-8
47.425	-6.3875E-8
47.45	-6.38927E-8
47.475	-6.39104E-8
47.5	-6.3928E-8
47.525	-6.39342E-8
47.55	-6.38941E-8
47.575	-6.3854E-8
47.6	-6.38139E-8
47.625	-6.37738E-8
47.65	-6.37337E-8
47.675	-6.36937E-8
47.7	-6.36911E-8
47.725	-6.36979E-8
47.75	-6.37047E-8
47.775	-6.37115E-8
47.8	-6.37183E-8
47.825	-6.37251E-8
47.85	-6.37368E-8
47.875	-6.37559E-8
47.9	-6.37751E-8
47.925	-6.37942E-8
47.95	-6.38134E-8
47.975	-6.38325E-8
48	-6.38517E-8
48.025	-6.38497E-8
48.05	-6.38478E-8
48.075	-6.38458E-8
48.1	-6.38439E-8
48.125	-6.38419E-8
48.15	-6.384E-8
48.175	-6.3838E-8
48.2	-6.38361E-8
48.225	-6.38341E-8
48.25	-6.38322E-8
48.275	-6.38302E-8
48.3	-6.38283E-8
48.325	-6.38263E-8
48.35	-6.38244E-8
48.375	-6.38224E-8
48.4	-6.38205E-8
48.425	-6.38185E-8
48.45	-6.38166E-8
48.475	-6.38146E-8
48.5	-6.38127E-8
48.525	-6.38107E-8
48.55	-6.38088E-8
48.575	-6.38068E-8
48.6	-6.38049E-8
48.625	-6.38029E-8
48.65	-6.38046E-8
48.675	-6.38119E-8
48.7	-6.38191E-8
48.725	-6.38263E-8
48.75	-6.38335E-8
48.775	-6.38407E-8
48.8	-6.38479E-8
48.825	-6.38474E-8
48.85	-6.38469E-8
48.875	-6.38463E-8
48.9	-6.38458E-8
48.925	-6.38453E-8
48.95	-6.38448E-8
48.975	-6.38443E-8
49	-6.38438E-8
49.025	-6.38433E-8
49.05	-6.38427E-8
49.075	-6.38422E-8
49.1	-6.38417E-8
49.125	-6.38412E-8
49.15	-6.38407E-8
49.175	-6.38402E-8
49.2	-6.38397E-8
49.225	-6.38392E-8
49.25	-6.38386E-8
49.275	-6.38381E-8
49.3	-6.38376E-8
49.325	-6.38371E-8
49.35	-6.38366E-8
49.375	-6.38361E-8
49.4	-6.38356E-8
49.425	-6.38351E-8
49.45	-6.38346E-8
49.475	-6.38341E-8
49.5	-6.38335E-8
49.525	-6.3833E-8
49.55	-6.38325E-8
49.575	-6.3832E-8
49.6	-6.38315E-8
49.625	-6.38326E-8
49.65	-6.38338E-8
49.675	-6.38349E-8
49.7	-6.38361E-8
49.725	-6.38372E-8
49.75	-6.38384E-8
49.775	-6.38409E-8
49.8	-6.38443E-8
49.825	-6.38476E-8
49.85	-6.3851E-8
49.875	-6.38544E-8
49.9	-6.38578E-8
49.925	-6.38612E-8
49.95	-6.38645E-8
49.975	-6.38679E-8
50	-6.38713E-8
