Interpolated X1		
0	1
0.025	0.99791
0.05	0.99581
0.075	0.99372
0.1	0.99164
0.125	0.98955
0.15	0.98747
0.175	0.98539
0.2	0.98331
0.225	0.98123
0.25	0.97916
0.275	0.97708
0.3	0.97501
0.325	0.97295
0.35	0.97088
0.375	0.96882
0.4	0.96676
0.425	0.9647
0.45	0.96264
0.475	0.96058
0.5	0.95853
0.525	0.95648
0.55	0.95443
0.575	0.95239
0.6	0.95034
0.625	0.9483
0.65	0.94626
0.675	0.94422
0.7	0.94219
0.725	0.94016
0.75	0.93812
0.775	0.9361
0.8	0.93407
0.825	0.93205
0.85	0.93002
0.875	0.928
0.9	0.92599
0.925	0.92397
0.95	0.92196
0.975	0.91995
1	0.91794
1.025	0.91593
1.05	0.91393
1.075	0.91192
1.1	0.90992
1.125	0.90792
1.15	0.90593
1.175	0.90394
1.2	0.90194
1.225	0.89995
1.25	0.89797
1.275	0.89598
1.3	0.894
1.325	0.89202
1.35	0.89004
1.375	0.88806
1.4	0.88609
1.425	0.88412
1.45	0.88215
1.475	0.88018
1.5	0.87822
1.525	0.87625
1.55	0.87429
1.575	0.87233
1.6	0.87038
1.625	0.86842
1.65	0.86647
1.675	0.86452
1.7	0.86257
1.725	0.86063
1.75	0.85869
1.775	0.85674
1.8	0.8548
1.825	0.85287
1.85	0.85093
1.875	0.849
1.9	0.84707
1.925	0.84514
1.95	0.84322
1.975	0.84129
2	0.83937
2.025	0.83745
2.05	0.83553
2.075	0.83362
2.1	0.83171
2.125	0.8298
2.15	0.82789
2.175	0.82598
2.2	0.82408
2.225	0.82217
2.25	0.82027
2.275	0.81838
2.3	0.81648
2.325	0.81459
2.35	0.8127
2.375	0.81081
2.4	0.80892
2.425	0.80704
2.45	0.80516
2.475	0.80328
2.5	0.8014
2.525	0.79952
2.55	0.79765
2.575	0.79578
2.6	0.79391
2.625	0.79204
2.65	0.79018
2.675	0.78831
2.7	0.78645
2.725	0.7846
2.75	0.78274
2.775	0.78089
2.8	0.77903
2.825	0.77719
2.85	0.77534
2.875	0.77349
2.9	0.77165
2.925	0.76981
2.95	0.76797
2.975	0.76613
3	0.7643
3.025	0.76247
3.05	0.76064
3.075	0.75881
3.1	0.75699
3.125	0.75516
3.15	0.75334
3.175	0.75152
3.2	0.7497
3.225	0.74789
3.25	0.74608
3.275	0.74427
3.3	0.74246
3.325	0.74065
3.35	0.73885
3.375	0.73705
3.4	0.73525
3.425	0.73345
3.45	0.73166
3.475	0.72987
3.5	0.72808
3.525	0.72629
3.55	0.7245
3.575	0.72272
3.6	0.72094
3.625	0.71916
3.65	0.71738
3.675	0.7156
3.7	0.71383
3.725	0.71206
3.75	0.71029
3.775	0.70852
3.8	0.70676
3.825	0.705
3.85	0.70324
3.875	0.70148
3.9	0.69973
3.925	0.69797
3.95	0.69622
3.975	0.69447
4	0.69273
4.025	0.69098
4.05	0.68924
4.075	0.6875
4.1	0.68576
4.125	0.68402
4.15	0.68229
4.175	0.68056
4.2	0.67883
4.225	0.6771
4.25	0.67538
4.275	0.67366
4.3	0.67193
4.325	0.67022
4.35	0.6685
4.375	0.66679
4.4	0.66507
4.425	0.66336
4.45	0.66166
4.475	0.65995
4.5	0.65825
4.525	0.65655
4.55	0.65485
4.575	0.65315
4.6	0.65146
4.625	0.64977
4.65	0.64808
4.675	0.64639
4.7	0.6447
4.725	0.64302
4.75	0.64134
4.775	0.63966
4.8	0.63798
4.825	0.63631
4.85	0.63464
4.875	0.63297
4.9	0.6313
4.925	0.62963
4.95	0.62797
4.975	0.62631
5	0.62465
5.025	0.62299
5.05	0.62133
5.075	0.61968
5.1	0.61803
5.125	0.61638
5.15	0.61474
5.175	0.61309
5.2	0.61145
5.225	0.60981
5.25	0.60817
5.275	0.60654
5.3	0.60491
5.325	0.60327
5.35	0.60164
5.375	0.60002
5.4	0.59839
5.425	0.59677
5.45	0.59515
5.475	0.59353
5.5	0.59192
5.525	0.5903
5.55	0.58869
5.575	0.58708
5.6	0.58548
5.625	0.58387
5.65	0.58227
5.675	0.58067
5.7	0.57907
5.725	0.57748
5.75	0.57588
5.775	0.57429
5.8	0.5727
5.825	0.57111
5.85	0.56953
5.875	0.56795
5.9	0.56637
5.925	0.56479
5.95	0.56321
5.975	0.56164
6	0.56006
6.025	0.55849
6.05	0.55693
6.075	0.55536
6.1	0.5538
6.125	0.55224
6.15	0.55068
6.175	0.54912
6.2	0.54757
6.225	0.54601
6.25	0.54446
6.275	0.54292
6.3	0.54137
6.325	0.53983
6.35	0.53828
6.375	0.53675
6.4	0.53521
6.425	0.53367
6.45	0.53214
6.475	0.53061
6.5	0.52908
6.525	0.52756
6.55	0.52603
6.575	0.52451
6.6	0.52299
6.625	0.52147
6.65	0.51995
6.675	0.51844
6.7	0.51693
6.725	0.51542
6.75	0.51392
6.775	0.51241
6.8	0.51091
6.825	0.50941
6.85	0.50791
6.875	0.50641
6.9	0.50492
6.925	0.50343
6.95	0.50194
6.975	0.50045
7	0.49897
7.025	0.49748
7.05	0.496
7.075	0.49453
7.1	0.49305
7.125	0.49157
7.15	0.4901
7.175	0.48863
7.2	0.48717
7.225	0.4857
7.25	0.48424
7.275	0.48278
7.3	0.48132
7.325	0.47986
7.35	0.47841
7.375	0.47695
7.4	0.4755
7.425	0.47405
7.45	0.47261
7.475	0.47116
7.5	0.46972
7.525	0.46828
7.55	0.46685
7.575	0.46541
7.6	0.46398
7.625	0.46255
7.65	0.46112
7.675	0.45969
7.7	0.45827
7.725	0.45684
7.75	0.45542
7.775	0.45401
7.8	0.45259
7.825	0.45118
7.85	0.44977
7.875	0.44836
7.9	0.44695
7.925	0.44554
7.95	0.44414
7.975	0.44274
8	0.44134
8.025	0.43995
8.05	0.43855
8.075	0.43716
8.1	0.43577
8.125	0.43438
8.15	0.433
8.175	0.43161
8.2	0.43023
8.225	0.42885
8.25	0.42748
8.275	0.4261
8.3	0.42473
8.325	0.42336
8.35	0.42199
8.375	0.42063
8.4	0.41926
8.425	0.4179
8.45	0.41654
8.475	0.41518
8.5	0.41383
8.525	0.41247
8.55	0.41112
8.575	0.40978
8.6	0.40843
8.625	0.40708
8.65	0.40574
8.675	0.4044
8.7	0.40306
8.725	0.40173
8.75	0.4004
8.775	0.39906
8.8	0.39773
8.825	0.39641
8.85	0.39508
8.875	0.39376
8.9	0.39244
8.925	0.39112
8.95	0.3898
8.975	0.38849
9	0.38718
9.025	0.38587
9.05	0.38456
9.075	0.38326
9.1	0.38195
9.125	0.38065
9.15	0.37935
9.175	0.37805
9.2	0.37676
9.225	0.37547
9.25	0.37418
9.275	0.37289
9.3	0.3716
9.325	0.37032
9.35	0.36904
9.375	0.36776
9.4	0.36648
9.425	0.36521
9.45	0.36393
9.475	0.36266
9.5	0.36139
9.525	0.36013
9.55	0.35886
9.575	0.3576
9.6	0.35634
9.625	0.35508
9.65	0.35383
9.675	0.35257
9.7	0.35132
9.725	0.35007
9.75	0.34882
9.775	0.34758
9.8	0.34634
9.825	0.34509
9.85	0.34386
9.875	0.34262
9.9	0.34139
9.925	0.34015
9.95	0.33892
9.975	0.3377
10	0.33647
10.025	0.33525
10.05	0.33403
10.075	0.33281
10.1	0.33159
10.125	0.33038
10.15	0.32916
10.175	0.32795
10.2	0.32675
10.225	0.32554
10.25	0.32433
10.275	0.32313
10.3	0.32193
10.325	0.32074
10.35	0.31954
10.375	0.31835
10.4	0.31716
10.425	0.31597
10.45	0.31478
10.475	0.3136
10.5	0.31241
10.525	0.31123
10.55	0.31006
10.575	0.30888
10.6	0.30771
10.625	0.30654
10.65	0.30537
10.675	0.3042
10.7	0.30304
10.725	0.30187
10.75	0.30071
10.775	0.29955
10.8	0.2984
10.825	0.29724
10.85	0.29609
10.875	0.29494
10.9	0.29379
10.925	0.29265
10.95	0.29151
10.975	0.29036
11	0.28923
11.025	0.28809
11.05	0.28695
11.075	0.28582
11.1	0.28469
11.125	0.28356
11.15	0.28244
11.175	0.28131
11.2	0.28019
11.225	0.27907
11.25	0.27796
11.275	0.27684
11.3	0.27573
11.325	0.27462
11.35	0.27351
11.375	0.2724
11.4	0.2713
11.425	0.2702
11.45	0.2691
11.475	0.268
11.5	0.26691
11.525	0.26581
11.55	0.26472
11.575	0.26363
11.6	0.26255
11.625	0.26146
11.65	0.26038
11.675	0.2593
11.7	0.25822
11.725	0.25715
11.75	0.25607
11.775	0.255
11.8	0.25393
11.825	0.25287
11.85	0.2518
11.875	0.25074
11.9	0.24968
11.925	0.24862
11.95	0.24756
11.975	0.24651
12	0.24546
12.025	0.24441
12.05	0.24336
12.075	0.24232
12.1	0.24127
12.125	0.24023
12.15	0.2392
12.175	0.23816
12.2	0.23713
12.225	0.23609
12.25	0.23506
12.275	0.23404
12.3	0.23301
12.325	0.23199
12.35	0.23097
12.375	0.22995
12.4	0.22893
12.425	0.22792
12.45	0.22691
12.475	0.2259
12.5	0.22489
12.525	0.22388
12.55	0.22288
12.575	0.22188
12.6	0.22088
12.625	0.21989
12.65	0.21889
12.675	0.2179
12.7	0.21691
12.725	0.21592
12.75	0.21493
12.775	0.21395
12.8	0.21297
12.825	0.21199
12.85	0.21102
12.875	0.21004
12.9	0.20907
12.925	0.2081
12.95	0.20713
12.975	0.20617
13	0.2052
13.025	0.20424
13.05	0.20328
13.075	0.20233
13.1	0.20137
13.125	0.20042
13.15	0.19947
13.175	0.19852
13.2	0.19758
13.225	0.19663
13.25	0.19569
13.275	0.19475
13.3	0.19382
13.325	0.19288
13.35	0.19195
13.375	0.19102
13.4	0.19009
13.425	0.18917
13.45	0.18824
13.475	0.18732
13.5	0.1864
13.525	0.18549
13.55	0.18457
13.575	0.18366
13.6	0.18275
13.625	0.18184
13.65	0.18094
13.675	0.18003
13.7	0.17913
13.725	0.17823
13.75	0.17734
13.775	0.17644
13.8	0.17555
13.825	0.17466
13.85	0.17377
13.875	0.17289
13.9	0.172
13.925	0.17112
13.95	0.17024
13.975	0.16937
14	0.16849
14.025	0.16762
14.05	0.16675
14.075	0.16588
14.1	0.16502
14.125	0.16416
14.15	0.16329
14.175	0.16244
14.2	0.16158
14.225	0.16073
14.25	0.15987
14.275	0.15902
14.3	0.15818
14.325	0.15733
14.35	0.15649
14.375	0.15565
14.4	0.15481
14.425	0.15397
14.45	0.15314
14.475	0.15231
14.5	0.15148
14.525	0.15065
14.55	0.14982
14.575	0.149
14.6	0.14818
14.625	0.14736
14.65	0.14654
14.675	0.14573
14.7	0.14492
14.725	0.14411
14.75	0.1433
14.775	0.1425
14.8	0.14169
14.825	0.14089
14.85	0.14009
14.875	0.1393
14.9	0.1385
14.925	0.13771
14.95	0.13692
14.975	0.13613
15	0.13535
15.025	0.13456
15.05	0.13378
15.075	0.13301
15.1	0.13223
15.125	0.13146
15.15	0.13068
15.175	0.12991
15.2	0.12915
15.225	0.12838
15.25	0.12762
15.275	0.12686
15.3	0.1261
15.325	0.12534
15.35	0.12459
15.375	0.12384
15.4	0.12309
15.425	0.12234
15.45	0.12159
15.475	0.12085
15.5	0.12011
15.525	0.11937
15.55	0.11864
15.575	0.1179
15.6	0.11717
15.625	0.11644
15.65	0.11572
15.675	0.11499
15.7	0.11427
15.725	0.11355
15.75	0.11283
15.775	0.11212
15.8	0.1114
15.825	0.11069
15.85	0.10998
15.875	0.10928
15.9	0.10857
15.925	0.10787
15.95	0.10717
15.975	0.10647
16	0.10577
16.025	0.10508
16.05	0.10439
16.075	0.1037
16.1	0.10302
16.125	0.10233
16.15	0.10165
16.175	0.10097
16.2	0.10029
16.225	0.09962
16.25	0.09895
16.275	0.09827
16.3	0.09761
16.325	0.09694
16.35	0.09628
16.375	0.09562
16.4	0.09495
16.425	0.0943
16.45	0.09364
16.475	0.09299
16.5	0.09234
16.525	0.09169
16.55	0.09105
16.575	0.09041
16.6	0.08976
16.625	0.08913
16.65	0.08849
16.675	0.08786
16.7	0.08722
16.725	0.0866
16.75	0.08597
16.775	0.08534
16.8	0.08472
16.825	0.0841
16.85	0.08348
16.875	0.08287
16.9	0.08226
16.925	0.08164
16.95	0.08104
16.975	0.08043
17	0.07983
17.025	0.07923
17.05	0.07863
17.075	0.07803
17.1	0.07743
17.125	0.07684
17.15	0.07625
17.175	0.07566
17.2	0.07508
17.225	0.0745
17.25	0.07391
17.275	0.07334
17.3	0.07276
17.325	0.07219
17.35	0.07161
17.375	0.07104
17.4	0.07048
17.425	0.06991
17.45	0.06935
17.475	0.06879
17.5	0.06823
17.525	0.06768
17.55	0.06712
17.575	0.06657
17.6	0.06603
17.625	0.06548
17.65	0.06494
17.675	0.06439
17.7	0.06385
17.725	0.06332
17.75	0.06278
17.775	0.06225
17.8	0.06172
17.825	0.06119
17.85	0.06067
17.875	0.06014
17.9	0.05962
17.925	0.05911
17.95	0.05859
17.975	0.05808
18	0.05756
18.025	0.05706
18.05	0.05655
18.075	0.05604
18.1	0.05554
18.125	0.05504
18.15	0.05454
18.175	0.05405
18.2	0.05355
18.225	0.05307
18.25	0.05258
18.275	0.05209
18.3	0.05161
18.325	0.05112
18.35	0.05065
18.375	0.05017
18.4	0.04969
18.425	0.04922
18.45	0.04875
18.475	0.04828
18.5	0.04782
18.525	0.04736
18.55	0.04689
18.575	0.04644
18.6	0.04598
18.625	0.04553
18.65	0.04507
18.675	0.04462
18.7	0.04418
18.725	0.04373
18.75	0.04329
18.775	0.04285
18.8	0.04241
18.825	0.04198
18.85	0.04154
18.875	0.04111
18.9	0.04068
18.925	0.04026
18.95	0.03984
18.975	0.03941
19	0.03899
19.025	0.03858
19.05	0.03816
19.075	0.03775
19.1	0.03734
19.125	0.03693
19.15	0.03653
19.175	0.03612
19.2	0.03572
19.225	0.03532
19.25	0.03493
19.275	0.03453
19.3	0.03414
19.325	0.03375
19.35	0.03337
19.375	0.03298
19.4	0.0326
19.425	0.03222
19.45	0.03184
19.475	0.03147
19.5	0.03109
19.525	0.03072
19.55	0.03035
19.575	0.02999
19.6	0.02962
19.625	0.02926
19.65	0.0289
19.675	0.02854
19.7	0.02819
19.725	0.02784
19.75	0.02749
19.775	0.02714
19.8	0.02679
19.825	0.02645
19.85	0.02611
19.875	0.02577
19.9	0.02543
19.925	0.0251
19.95	0.02477
19.975	0.02444
20	0.02411
20.025	0.02379
20.05	0.02346
20.075	0.02314
20.1	0.02283
20.125	0.02251
20.15	0.0222
20.175	0.02189
20.2	0.02158
20.225	0.02127
20.25	0.02097
20.275	0.02066
20.3	0.02036
20.325	0.02007
20.35	0.01977
20.375	0.01948
20.4	0.01919
20.425	0.0189
20.45	0.01861
20.475	0.01833
20.5	0.01804
20.525	0.01777
20.55	0.01749
20.575	0.01721
20.6	0.01694
20.625	0.01667
20.65	0.0164
20.675	0.01614
20.7	0.01587
20.725	0.01561
20.75	0.01535
20.775	0.01509
20.8	0.01484
20.825	0.01459
20.85	0.01433
20.875	0.01409
20.9	0.01384
20.925	0.0136
20.95	0.01336
20.975	0.01312
21	0.01288
21.025	0.01264
21.05	0.01241
21.075	0.01218
21.1	0.01195
21.125	0.01173
21.15	0.0115
21.175	0.01128
21.2	0.01106
21.225	0.01085
21.25	0.01063
21.275	0.01042
21.3	0.01021
21.325	0.01
21.35	0.00979
21.375	0.00959
21.4	0.00939
21.425	0.00919
21.45	0.00899
21.475	0.0088
21.5	0.00861
21.525	0.00842
21.55	0.00823
21.575	0.00805
21.6	0.00786
21.625	0.00768
21.65	0.0075
21.675	0.00732
21.7	0.00715
21.725	0.00698
21.75	0.00681
21.775	0.00664
21.8	0.00648
21.825	0.00631
21.85	0.00615
21.875	0.006
21.9	0.00584
21.925	0.00568
21.95	0.00553
21.975	0.00538
22	0.00524
22.025	0.00509
22.05	0.00495
22.075	0.00481
22.1	0.00467
22.125	0.00454
22.15	0.0044
22.175	0.00427
22.2	0.00414
22.225	0.00402
22.25	0.00389
22.275	0.00377
22.3	0.00365
22.325	0.00353
22.35	0.00342
22.375	0.0033
22.4	0.00319
22.425	0.00308
22.45	0.00297
22.475	0.00287
22.5	0.00276
22.525	0.00266
22.55	0.00256
22.575	0.00247
22.6	0.00237
22.625	0.00228
22.65	0.00219
22.675	0.0021
22.7	0.00201
22.725	0.00193
22.75	0.00185
22.775	0.00177
22.8	0.00169
22.825	0.00161
22.85	0.00154
22.875	0.00147
22.9	0.0014
22.925	0.00133
22.95	0.00127
22.975	0.00121
23	0.00115
23.025	0.00109
23.05	0.00103
23.075	9.7733E-4
23.1	9.25706E-4
23.125	8.75959E-4
23.15	8.28087E-4
23.175	7.82896E-4
23.2	7.39849E-4
23.225	6.98678E-4
23.25	6.59384E-4
23.275	6.22833E-4
23.3	5.8764E-4
23.325	5.53692E-4
23.35	5.20998E-4
23.375	4.89872E-4
23.4	4.59843E-4
23.425	4.30911E-4
23.45	4.0339E-4
23.475	3.7728E-4
23.5	3.52267E-4
23.525	3.28351E-4
23.55	3.06003E-4
23.575	2.84909E-4
23.6	2.64912E-4
23.625	2.46013E-4
23.65	2.28471E-4
23.675	2.11441E-4
23.7	1.94875E-4
23.725	1.78762E-4
23.75	1.63216E-4
23.775	1.48065E-4
23.8	1.33311E-4
23.825	1.19067E-4
23.85	1.05332E-4
23.875	9.19935E-5
23.9	7.90515E-5
23.925	6.66758E-5
23.95	5.4753E-5
23.975	4.32266E-5
24	3.20966E-5
24.025	2.15895E-5
24.05	1.14788E-5
24.075	1.76444E-6
24.1	0
24.125	0
24.15	0
24.175	0
24.2	0
24.225	0
24.25	0
24.275	0
24.3	0
24.325	0
24.35	0
24.375	0
24.4	0
24.425	0
24.45	0
24.475	0
24.5	0
24.525	0
24.55	0
24.575	0
24.6	0
24.625	0
24.65	0
24.675	0
24.7	0
24.725	0
24.75	0
24.775	0
24.8	0
24.825	0
24.85	0
24.875	0
24.9	0
24.925	0
24.95	0
24.975	0
25	0
25.025	0
25.05	0
25.075	0
25.1	0
25.125	0
25.15	0
25.175	0
25.2	0
25.225	0
25.25	0
25.275	0
25.3	0
25.325	0
25.35	0
25.375	0
25.4	0
25.425	0
25.45	0
25.475	0
25.5	0
25.525	0
25.55	0
25.575	0
25.6	0
25.625	0
25.65	0
25.675	0
25.7	0
25.725	0
25.75	0
25.775	0
25.8	0
25.825	0
25.85	0
25.875	0
25.9	0
25.925	0
25.95	0
25.975	0
26	0
26.025	0
26.05	0
26.075	0
26.1	0
26.125	0
26.15	0
26.175	0
26.2	0
26.225	0
26.25	0
26.275	0
26.3	0
26.325	0
26.35	0
26.375	0
26.4	0
26.425	0
26.45	0
26.475	0
26.5	0
26.525	0
26.55	0
26.575	0
26.6	0
26.625	0
26.65	0
26.675	0
26.7	0
26.725	0
26.75	0
26.775	0
26.8	0
26.825	0
26.85	0
26.875	0
26.9	0
26.925	0
26.95	0
26.975	0
27	0
27.025	0
27.05	0
27.075	0
27.1	0
27.125	0
27.15	0
27.175	0
27.2	0
27.225	0
27.25	0
27.275	0
27.3	0
27.325	0
27.35	0
27.375	0
27.4	0
27.425	0
27.45	0
27.475	0
27.5	0
27.525	0
27.55	0
27.575	0
27.6	0
27.625	0
27.65	0
27.675	0
27.7	0
27.725	0
27.75	0
27.775	0
27.8	0
27.825	0
27.85	0
27.875	0
27.9	0
27.925	0
27.95	0
27.975	0
28	0
28.025	0
28.05	0
28.075	0
28.1	0
28.125	0
28.15	0
28.175	0
28.2	0
28.225	0
28.25	0
28.275	0
28.3	0
28.325	0
28.35	0
28.375	0
28.4	0
28.425	0
28.45	0
28.475	0
28.5	0
28.525	0
28.55	0
28.575	0
28.6	0
28.625	0
28.65	0
28.675	0
28.7	0
28.725	0
28.75	0
28.775	0
28.8	0
28.825	0
28.85	0
28.875	0
28.9	0
28.925	0
28.95	0
28.975	0
29	0
29.025	0
29.05	0
29.075	0
29.1	0
29.125	0
29.15	0
29.175	0
29.2	0
29.225	0
29.25	0
29.275	0
29.3	0
29.325	0
29.35	0
29.375	0
29.4	0
29.425	0
29.45	0
29.475	0
29.5	0
29.525	0
29.55	0
29.575	0
29.6	0
29.625	0
29.65	0
29.675	0
29.7	0
29.725	0
29.75	0
29.775	0
29.8	0
29.825	0
29.85	0
29.875	0
29.9	0
29.925	0
29.95	0
29.975	0
30	0
30.025	0
30.05	0
30.075	0
30.1	0
30.125	0
30.15	0
30.175	0
30.2	0
30.225	0
30.25	0
30.275	0
30.3	0
30.325	0
30.35	0
30.375	0
30.4	0
30.425	0
30.45	0
30.475	0
30.5	0
30.525	0
30.55	0
30.575	0
30.6	0
30.625	0
30.65	0
30.675	0
30.7	0
30.725	0
30.75	0
30.775	0
30.8	0
30.825	0
30.85	0
30.875	0
30.9	0
30.925	0
30.95	0
30.975	0
31	0
31.025	0
31.05	0
31.075	0
31.1	0
31.125	0
31.15	0
31.175	0
31.2	0
31.225	0
31.25	0
31.275	0
31.3	0
31.325	0
31.35	0
31.375	0
31.4	0
31.425	0
31.45	0
31.475	0
31.5	0
31.525	0
31.55	0
31.575	0
31.6	0
31.625	0
31.65	0
31.675	0
31.7	0
31.725	0
31.75	0
31.775	0
31.8	0
31.825	0
31.85	0
31.875	0
31.9	0
31.925	0
31.95	0
31.975	0
32	0
32.025	0
32.05	0
32.075	0
32.1	0
32.125	0
32.15	0
32.175	0
32.2	0
32.225	0
32.25	0
32.275	0
32.3	0
32.325	0
32.35	0
32.375	0
32.4	0
32.425	0
32.45	0
32.475	0
32.5	0
32.525	0
32.55	0
32.575	0
32.6	0
32.625	0
32.65	0
32.675	0
32.7	0
32.725	0
32.75	0
32.775	0
32.8	0
32.825	0
32.85	0
32.875	0
32.9	0
32.925	0
32.95	0
32.975	0
33	0
33.025	0
33.05	0
33.075	0
33.1	0
33.125	0
33.15	0
33.175	0
33.2	0
33.225	0
33.25	0
33.275	0
33.3	0
33.325	0
33.35	0
33.375	0
33.4	0
33.425	0
33.45	0
33.475	0
33.5	0
33.525	0
33.55	0
33.575	0
33.6	0
33.625	0
33.65	0
33.675	0
33.7	0
33.725	0
33.75	0
33.775	0
33.8	0
33.825	0
33.85	0
33.875	0
33.9	0
33.925	0
33.95	0
33.975	0
34	0
34.025	0
34.05	0
34.075	0
34.1	0
34.125	0
34.15	0
34.175	0
34.2	0
34.225	0
34.25	0
34.275	0
34.3	0
34.325	0
34.35	0
34.375	0
34.4	0
34.425	0
34.45	0
34.475	0
34.5	0
34.525	0
34.55	0
34.575	0
34.6	0
34.625	0
34.65	0
34.675	0
34.7	0
34.725	0
34.75	0
34.775	0
34.8	0
34.825	0
34.85	0
34.875	0
34.9	0
34.925	0
34.95	0
34.975	0
35	0
35.025	0
35.05	0
35.075	0
35.1	0
35.125	0
35.15	0
35.175	0
35.2	0
35.225	0
35.25	0
35.275	0
35.3	0
35.325	0
35.35	0
35.375	0
35.4	0
35.425	0
35.45	0
35.475	0
35.5	0
35.525	0
35.55	0
35.575	0
35.6	0
35.625	0
35.65	0
35.675	0
35.7	0
35.725	0
35.75	0
35.775	0
35.8	0
35.825	0
35.85	0
35.875	0
35.9	0
35.925	0
35.95	0
35.975	0
36	0
36.025	0
36.05	0
36.075	0
36.1	0
36.125	0
36.15	0
36.175	0
36.2	0
36.225	0
36.25	0
36.275	0
36.3	0
36.325	0
36.35	0
36.375	0
36.4	0
36.425	0
36.45	0
36.475	0
36.5	0
36.525	0
36.55	0
36.575	0
36.6	0
36.625	0
36.65	0
36.675	0
36.7	0
36.725	0
36.75	0
36.775	0
36.8	0
36.825	0
36.85	0
36.875	0
36.9	0
36.925	0
36.95	0
36.975	0
37	0
37.025	0
37.05	0
37.075	0
37.1	0
37.125	0
37.15	0
37.175	0
37.2	0
37.225	0
37.25	0
37.275	0
37.3	0
37.325	0
37.35	0
37.375	0
37.4	0
37.425	0
37.45	0
37.475	0
37.5	0
37.525	0
37.55	0
37.575	0
37.6	0
37.625	0
37.65	0
37.675	0
37.7	0
37.725	0
37.75	0
37.775	0
37.8	0
37.825	0
37.85	0
37.875	0
37.9	0
37.925	0
37.95	0
37.975	0
38	0
38.025	0
38.05	0
38.075	0
38.1	0
38.125	0
38.15	0
38.175	0
38.2	0
38.225	0
38.25	0
38.275	0
38.3	0
38.325	0
38.35	0
38.375	0
38.4	0
38.425	0
38.45	0
38.475	0
38.5	0
38.525	0
38.55	0
38.575	0
38.6	0
38.625	0
38.65	0
38.675	0
38.7	0
38.725	0
38.75	0
38.775	0
38.8	0
38.825	0
38.85	0
38.875	0
38.9	0
38.925	0
38.95	0
38.975	0
39	0
39.025	0
39.05	0
39.075	0
39.1	0
39.125	0
39.15	0
39.175	0
39.2	0
39.225	0
39.25	0
39.275	0
39.3	0
39.325	0
39.35	0
39.375	0
39.4	0
39.425	0
39.45	0
39.475	0
39.5	0
39.525	0
39.55	0
39.575	0
39.6	0
39.625	0
39.65	0
39.675	0
39.7	0
39.725	0
39.75	0
39.775	0
39.8	0
39.825	0
39.85	0
39.875	0
39.9	0
39.925	0
39.95	0
39.975	0
40	0
40.025	0
40.05	0
40.075	0
40.1	0
40.125	0
40.15	0
40.175	0
40.2	0
40.225	0
40.25	0
40.275	0
40.3	0
40.325	0
40.35	0
40.375	0
40.4	0
40.425	0
40.45	0
40.475	0
40.5	0
40.525	0
40.55	0
40.575	0
40.6	0
40.625	0
40.65	0
40.675	0
40.7	0
40.725	0
40.75	0
40.775	0
40.8	0
40.825	0
40.85	0
40.875	0
40.9	0
40.925	0
40.95	0
40.975	0
41	0
41.025	0
41.05	0
41.075	0
41.1	0
41.125	0
41.15	0
41.175	0
41.2	0
41.225	0
41.25	0
41.275	0
41.3	0
41.325	0
41.35	0
41.375	0
41.4	0
41.425	0
41.45	0
41.475	0
41.5	0
41.525	0
41.55	0
41.575	0
41.6	0
41.625	0
41.65	0
41.675	0
41.7	0
41.725	0
41.75	0
41.775	0
41.8	0
41.825	0
41.85	0
41.875	0
41.9	0
41.925	0
41.95	0
41.975	0
42	0
42.025	0
42.05	0
42.075	0
42.1	0
42.125	0
42.15	0
42.175	0
42.2	0
42.225	0
42.25	0
42.275	0
42.3	0
42.325	0
42.35	0
42.375	0
42.4	0
42.425	0
42.45	0
42.475	0
42.5	0
42.525	0
42.55	0
42.575	0
42.6	0
42.625	0
42.65	0
42.675	0
42.7	0
42.725	0
42.75	0
42.775	0
42.8	0
42.825	0
42.85	0
42.875	0
42.9	0
42.925	0
42.95	0
42.975	0
43	0
43.025	0
43.05	0
43.075	0
43.1	0
43.125	0
43.15	0
43.175	0
43.2	0
43.225	0
43.25	0
43.275	0
43.3	0
43.325	0
43.35	0
43.375	0
43.4	0
43.425	0
43.45	0
43.475	0
43.5	0
43.525	0
43.55	0
43.575	0
43.6	0
43.625	0
43.65	0
43.675	0
43.7	0
43.725	0
43.75	0
43.775	0
43.8	0
43.825	0
43.85	0
43.875	0
43.9	0
43.925	0
43.95	0
43.975	0
44	0
44.025	0
44.05	0
44.075	0
44.1	0
44.125	0
44.15	0
44.175	0
44.2	0
44.225	0
44.25	0
44.275	0
44.3	0
44.325	0
44.35	0
44.375	0
44.4	0
44.425	0
44.45	0
44.475	0
44.5	0
44.525	0
44.55	0
44.575	0
44.6	0
44.625	0
44.65	0
44.675	0
44.7	0
44.725	0
44.75	0
44.775	0
44.8	0
44.825	0
44.85	0
44.875	0
44.9	0
44.925	0
44.95	0
44.975	0
45	0
45.025	0
45.05	0
45.075	0
45.1	0
45.125	0
45.15	0
45.175	0
45.2	0
45.225	0
45.25	0
45.275	0
45.3	0
45.325	0
45.35	0
45.375	0
45.4	0
45.425	0
45.45	0
45.475	0
45.5	0
45.525	0
45.55	0
45.575	0
45.6	0
45.625	0
45.65	0
45.675	0
45.7	0
45.725	0
45.75	0
45.775	0
45.8	0
45.825	0
45.85	0
45.875	0
45.9	0
45.925	0
45.95	0
45.975	0
46	0
46.025	0
46.05	0
46.075	0
46.1	0
46.125	0
46.15	0
46.175	0
46.2	0
46.225	0
46.25	0
46.275	0
46.3	0
46.325	0
46.35	0
46.375	0
46.4	0
46.425	0
46.45	0
46.475	0
46.5	0
46.525	0
46.55	0
46.575	0
46.6	0
46.625	0
46.65	0
46.675	0
46.7	0
46.725	0
46.75	0
46.775	0
46.8	0
46.825	0
46.85	0
46.875	0
46.9	0
46.925	0
46.95	0
46.975	0
47	0
47.025	0
47.05	0
47.075	0
47.1	0
47.125	0
47.15	0
47.175	0
47.2	0
47.225	0
47.25	0
47.275	0
47.3	0
47.325	0
47.35	0
47.375	0
47.4	0
47.425	0
47.45	0
47.475	0
47.5	0
47.525	0
47.55	0
47.575	0
47.6	0
47.625	0
47.65	0
47.675	0
47.7	0
47.725	0
47.75	0
47.775	0
47.8	0
47.825	0
47.85	0
47.875	0
47.9	0
47.925	0
47.95	0
47.975	0
48	0
48.025	0
48.05	0
48.075	0
48.1	0
48.125	0
48.15	0
48.175	0
48.2	0
48.225	0
48.25	0
48.275	0
48.3	0
48.325	0
48.35	0
48.375	0
48.4	0
48.425	0
48.45	0
48.475	0
48.5	0
48.525	0
48.55	0
48.575	0
48.6	0
48.625	0
48.65	0
48.675	0
48.7	0
48.725	0
48.75	0
48.775	0
48.8	0
48.825	0
48.85	0
48.875	0
48.9	0
48.925	0
48.95	0
48.975	0
49	0
49.025	0
49.05	0
49.075	0
49.1	0
49.125	0
49.15	0
49.175	0
49.2	0
49.225	0
49.25	0
49.275	0
49.3	0
49.325	0
49.35	0
49.375	0
49.4	0
49.425	0
49.45	0
49.475	0
49.5	0
49.525	0
49.55	0
49.575	0
49.6	0
49.625	0
49.65	0
49.675	0
49.7	0
49.725	0
49.75	0
49.775	0
49.8	0
49.825	0
49.85	0
49.875	0
49.9	0
49.925	0
49.95	0
49.975	0
50	0
