1
0.997906
0.995814
0.993724
0.991637
0.989551
0.987468
0.985387
0.983308
0.981232
0.979157
0.977084
0.975014
0.972947
0.970881
0.968817
0.966756
0.964697
0.962639
0.960584
0.958532
0.956482
0.954433
0.952387
0.950343
0.948301
0.946262
0.944224
0.942189
0.940156
0.938125
0.936097
0.934071
0.932046
0.930024
0.928004
0.925987
0.923971
0.921957
0.919947
0.917938
0.91593
0.913926
0.911924
0.909924
0.907925
0.90593
0.903936
0.901944
0.899955
0.897968
0.895983
0.894
0.89202
0.890042
0.888065
0.886091
0.884119
0.88215
0.880182
0.878217
0.876254
0.874293
0.872334
0.870378
0.868424
0.866471
0.864521
0.862573
0.860628
0.858685
0.856743
0.854804
0.852868
0.850933
0.849
0.84707
0.845142
0.843216
0.841292
0.839371
0.837451
0.835534
0.833619
0.831706
0.829796
0.827887
0.825981
0.824077
0.822175
0.820275
0.818378
0.816483
0.814589
0.812698
0.81081
0.808923
0.807038
0.805156
0.803276
0.801398
0.799522
0.797649
0.795778
0.793909
0.792041
0.790177
0.788315
0.786454
0.784596
0.78274
0.780886
0.779034
0.777185
0.775338
0.773493
0.771649
0.769809
0.767971
0.766134
0.7643
0.762468
0.760638
0.758811
0.756985
0.755162
0.753341
0.751522
0.749705
0.747891
0.746079
0.744268
0.74246
0.740655
0.738851
0.737049
0.735251
0.733454
0.731659
0.729866
0.728076
0.726288
0.724501
0.722717
0.720936
0.719156
0.717379
0.715604
0.713831
0.71206
0.710291
0.708525
0.706761
0.704999
0.703238
0.701481
0.699726
0.697972
0.696221
0.694472
0.692725
0.690981
0.689238
0.687498
0.68576
0.684024
0.682291
0.680559
0.67883
0.677103
0.675378
0.673655
0.671935
0.670216
0.6685
0.666786
0.665074
0.663365
0.661658
0.659952
0.658249
0.656548
0.65485
0.653153
0.651459
0.649767
0.648077
0.646389
0.644703
0.64302
0.641339
0.639659
0.637983
0.636308
0.634636
0.632965
0.631297
0.629632
0.627968
0.626306
0.624647
0.62299
0.621335
0.619682
0.618031
0.616383
0.614736
0.613093
0.611451
0.609811
0.608173
0.606538
0.604905
0.603274
0.601645
0.600019
0.598394
0.596772
0.595152
0.593534
0.591919
0.590305
0.588694
0.587085
0.585478
0.583873
0.582271
0.58067
0.579072
0.577476
0.575882
0.574291
0.572701
0.571114
0.569529
0.567946
0.566365
0.564786
0.56321
0.561636
0.560064
0.558494
0.556927
0.555361
0.553797
0.552237
0.550678
0.549121
0.547566
0.546014
0.544464
0.542915
0.54137
0.539826
0.538284
0.536745
0.535208
0.533673
0.53214
0.530609
0.529081
0.527555
0.52603
0.524508
0.522989
0.521471
0.519955
0.518442
0.516931
0.515422
0.513915
0.512411
0.510909
0.509408
0.50791
0.506415
0.504921
0.503429
0.50194
0.500453
0.498968
0.497484
0.496004
0.494526
0.493049
0.491575
0.490103
0.488633
0.487165
0.4857
0.484237
0.482775
0.481316
0.479859
0.478405
0.476952
0.475502
0.474054
0.472608
0.471164
0.469722
0.468282
0.466845
0.46541
0.463977
0.462546
0.461117
0.459691
0.458266
0.456844
0.455424
0.454006
0.45259
0.451177
0.449765
0.448356
0.446949
0.445544
0.444141
0.44274
0.441342
0.439946
0.438552
0.43716
0.43577
0.434383
0.432997
0.431614
0.430233
0.428854
0.427476
0.426102
0.42473
0.423359
0.421991
0.420625
0.419261
0.4179
0.41654
0.415183
0.413828
0.412474
0.411124
0.409775
0.408428
0.407084
0.405742
0.404402
0.403064
0.401728
0.400395
0.399063
0.397734
0.396407
0.395082
0.393759
0.392438
0.39112
0.389804
0.38849
0.387177
0.385868
0.38456
0.383255
0.381951
0.38065
0.379351
0.378054
0.37676
0.375467
0.374177
0.372889
0.371603
0.370319
0.369037
0.367757
0.36648
0.365205
0.363932
0.362661
0.361392
0.360126
0.358861
0.357599
0.356339
0.355081
0.353825
0.352572
0.35132
0.350071
0.348823
0.347579
0.346336
0.345095
0.343856
0.34262
0.341386
0.340154
0.338924
0.337697
0.336471
0.335248
0.334027
0.332808
0.331591
0.330376
0.329163
0.327953
0.326745
0.325538
0.324335
0.323133
0.321933
0.320736
0.319541
0.318348
0.317157
0.315968
0.314782
0.313597
0.312414
0.311235
0.310057
0.308881
0.307707
0.306536
0.305367
0.304199
0.303035
0.301872
0.300712
0.299553
0.298397
0.297243
0.296091
0.294941
0.293794
0.292648
0.291505
0.290364
0.289225
0.288089
0.286954
0.285822
0.284692
0.283564
0.282438
0.281314
0.280193
0.279074
0.277956
0.276842
0.275729
0.274618
0.27351
0.272404
0.2713
0.270198
0.269098
0.268001
0.266906
0.265812
0.264721
0.263633
0.262546
0.261462
0.26038
0.2593
0.258222
0.257146
0.256073
0.255002
0.253933
0.252866
0.251801
0.250739
0.249678
0.24862
0.247564
0.246511
0.245459
0.24441
0.243363
0.242317
0.241275
0.240234
0.239196
0.238159
0.237126
0.236094
0.235064
0.234037
0.233012
0.231989
0.230968
0.229949
0.228933
0.227919
0.226907
0.225897
0.22489
0.223884
0.222881
0.22188
0.220882
0.219885
0.21889
0.217898
0.216909
0.215921
0.214935
0.213952
0.212971
0.211992
0.211015
0.210041
0.209069
0.208099
0.207131
0.206166
0.205203
0.204241
0.203283
0.202326
0.201372
0.200419
0.199469
0.198522
0.197576
0.196632
0.195692
0.194753
0.193816
0.192881
0.19195
0.19102
0.190091
0.189166
0.188243
0.187322
0.186403
0.185486
0.184572
0.18366
0.18275
0.181842
0.180937
0.180033
0.179132
0.178234
0.177337
0.176442
0.17555
0.174661
0.173773
0.172887
0.172004
0.171123
0.170244
0.169368
0.168494
0.167622
0.166752
0.165884
0.165019
0.164156
0.163294
0.162436
0.16158
0.160725
0.159873
0.159023
0.158176
0.157331
0.156487
0.155647
0.154808
0.153971
0.153137
0.152305
0.151476
0.150648
0.149823
0.149
0.148179
0.14736
0.146544
0.14573
0.144918
0.144108
0.143301
0.142496
0.141692
0.140892
0.140093
0.139297
0.138502
0.137711
0.136921
0.136134
0.135348
0.134565
0.133785
0.133006
0.132229
0.131456
0.130684
0.129914
0.129147
0.128382
0.127619
0.126858
0.126099
0.125343
0.124589
0.123837
0.123088
0.122341
0.121595
0.120852
0.120112
0.119374
0.118638
0.117904
0.117173
0.116443
0.115716
0.114991
0.114269
0.113549
0.11283
0.112115
0.111402
0.11069
0.109981
0.109275
0.10857
0.107868
0.107168
0.10647
0.105775
0.105081
0.10439
0.103702
0.103015
0.102331
0.101649
0.10097
0.100292
0.099617
0.098945
0.098274
0.097606
0.09694
0.096276
0.095615
0.094955
0.094299
0.093644
0.092992
0.092342
0.091694
0.091049
0.090406
0.089765
0.089127
0.088491
0.087857
0.087225
0.086596
0.085969
0.085344
0.084722
0.084102
0.083484
0.082868
0.082256
0.081645
0.081036
0.08043
0.079826
0.079225
0.078625
0.078028
0.077434
0.076842
0.076251
0.075664
0.075078
0.074495
0.073914
0.073336
0.07276
0.072186
0.071614
0.071045
0.070478
0.069913
0.069351
0.068791
0.068233
0.067677
0.067124
0.066574
0.066025
0.065479
0.064935
0.064394
0.063854
0.063317
0.062783
0.062251
0.061721
0.061193
0.060668
0.060145
0.059624
0.059106
0.05859
0.058076
0.057564
0.057055
0.056548
0.056044
0.055541
0.055041
0.054544
0.054048
0.053555
0.053065
0.052576
0.05209
0.051606
0.051125
0.050645
0.050168
0.049694
0.049222
0.048751
0.048284
0.047818
0.047355
0.046894
0.046436
0.04598
0.045526
0.045074
0.044625
0.044178
0.043733
0.043291
0.042851
0.042413
0.041978
0.041544
0.041114
0.040685
0.040259
0.039835
0.039413
0.038994
0.038577
0.038162
0.03775
0.03734
0.036932
0.036526
0.036123
0.035722
0.035324
0.034928
0.034534
0.034142
0.033753
0.033366
0.032981
0.032598
0.032218
0.031841
0.031465
0.031091
0.030721
0.030353
0.029986
0.029622
0.029261
0.028901
0.028544
0.028189
0.027837
0.027487
0.027138
0.026793
0.02645
0.026109
0.02577
0.025434
0.0251
0.024768
0.024438
0.024112
0.023787
0.023464
0.023144
0.022826
0.02251
0.022196
0.021885
0.021576
0.02127
0.020965
0.020663
0.020363
0.020065
0.01977
0.019477
0.019186
0.018897
0.018611
0.018327
0.018045
0.017765
0.017488
0.017213
0.01694
0.016669
0.016401
0.016135
0.015871
0.015609
0.01535
0.015092
0.014837
0.014585
0.014334
0.014086
0.01384
0.013596
0.013355
0.013115
0.012878
0.012643
0.012411
0.01218
0.011952
0.011727
0.011503
0.011281
0.011062
0.010846
0.010631
0.010418
0.010208
0.010001
0.009795
0.009591
0.00939
0.009191
0.008994
0.0088
0.008608
0.008418
0.00823
0.008045
0.007862
0.007681
0.007502
0.007325
0.007151
0.006979
0.006809
0.006642
0.006477
0.006314
0.006153
0.005995
0.005838
0.005684
0.005533
0.005384
0.005237
0.005092
0.00495
0.00481
0.004672
0.004536
0.004403
0.004272
0.004143
0.004016
0.003892
0.00377
0.003649
0.003531
0.003416
0.003302
0.00319
0.00308
0.002973
0.002867
0.002764
0.002663
0.002564
0.002467
0.002372
0.002279
0.002189
0.0021
0.002014
0.00193
0.001848
0.001768
0.00169
0.001615
0.001542
0.00147
0.001401
0.001334
0.001269
0.001206
0.001146
0.001088
0.001031
9.773302E-4
9.257064E-4
8.759588E-4
8.280873E-4
7.828961E-4
7.398491E-4
6.986783E-4
6.593836E-4
6.228332E-4
5.876398E-4
5.536919E-4
5.209981E-4
4.898718E-4
4.598428E-4
4.309111E-4
4.033901E-4
3.7728E-4
3.522671E-4
3.283514E-4
3.060033E-4
2.849093E-4
2.649125E-4
2.460129E-4
2.284706E-4
2.114414E-4
1.948753E-4
1.787623E-4
1.632155E-4
1.480651E-4
1.333111E-4
1.190667E-4
1.053319E-4
9.199351E-5
7.90515E-5
6.667575E-5
5.4753E-5
4.322662E-5
3.209663E-5
2.158952E-5
1.147879E-5
1.764443E-6
0
0
0
0
0
0
0
0
0
0
0
0
0
0
0
0
0
0
0
0
0
0
0
0
0
0
0
0
0
0
0
0
0
0
0
0
0
0
0
0
0
0
0
0
0
0
0
0
0
0
0
0
0
0
0
0
0
0
0
0
0
0
0
0
0
0
0
0
0
0
0
0
0
0
0
0
0
0
0
0
0
0
0
0
0
0
0
0
0
0
0
0
0
0
0
0
0
0
0
0
0
0
0
0
0
0
0
0
0
0
0
0
0
0
0
0
0
0
0
0
0
0
0
0
0
0
0
0
0
0
0
0
0
0
0
0
0
0
0
0
0
0
0
0
0
0
0
0
0
0
0
0
0
0
0
0
0
0
0
0
0
0
0
0
0
0
0
0
0
0
0
0
0
0
0
0
0
0
0
0
0
0
0
0
0
0
0
0
0
0
0
0
0
0
0
0
0
0
0
0
0
0
0
0
0
0
0
0
0
0
0
0
0
0
0
0
0
0
0
0
0
0
0
0
0
0
0
0
0
0
0
0
0
0
0
0
0
0
0
0
0
0
0
0
0
0
0
0
0
0
0
0
0
0
0
0
0
0
0
0
0
0
0
0
0
0
0
0
0
0
0
0
0
0
0
0
0
0
0
0
0
0
0
0
0
0
0
0
0
0
0
0
0
0
0
0
0
0
0
0
0
0
0
0
0
0
0
0
0
0
0
0
0
0
0
0
0
0
0
0
0
0
0
0
0
0
0
0
0
0
0
0
0
0
0
0
0
0
0
0
0
0
0
0
0
0
0
0
0
0
0
0
0
0
0
0
0
0
0
0
0
0
0
0
0
0
0
0
0
0
0
0
0
0
0
0
0
0
0
0
0
0
0
0
0
0
0
0
0
0
0
0
0
0
0
0
0
0
0
0
0
0
0
0
0
0
0
0
0
0
0
0
0
0
0
0
0
0
0
0
0
0
0
0
0
0
0
0
0
0
0
0
0
0
0
0
0
0
0
0
0
0
0
0
0
0
0
0
0
0
0
0
0
0
0
0
0
0
0
0
0
0
0
0
0
0
0
0
0
0
0
0
0
0
0
0
0
0
0
0
0
0
0
0
0
0
0
0
0
0
0
0
0
0
0
0
0
0
0
0
0
0
0
0
0
0
0
0
0
0
0
0
0
0
0
0
0
0
0
0
0
0
0
0
0
0
0
0
0
0
0
0
0
0
0
0
0
0
0
0
0
0
0
0
0
0
0
0
0
0
0
0
0
0
0
0
0
0
0
0
0
0
0
0
0
0
0
0
0
0
0
0
0
0
0
0
0
0
0
0
0
0
0
0
0
0
0
0
0
0
0
0
0
0
0
0
0
0
0
0
0
0
0
0
0
0
0
0
0
0
0
0
0
0
0
0
0
0
0
0
0
0
0
0
0
0
0
0
0
0
0
0
0
0
0
0
0
0
0
0
0
0
0
0
0
0
0
0
0
0
0
0
0
0
0
0
0
0
0
0
0
0
0
0
0
0
0
0
0
0
0
0
0
0
0
0
0
0
0
0
0
0
0
0
0
0
0
0
0
0
0
0
0
0
0
0
0
0
0
0
0
0
0
0
0
0
0
0
0
0
0
0
0
0
0
0
0
0
0
0
0
0
0
0
0
0
0
0
0
0
0
0
0
0
0
0
0
0
0
0
0
0
0
0
0
0
0
0
0
0
0
0
0
0
0
0
0
0
0
0
0
0
0
0
0
0
0
0
0
0
0
0
0
0
0
0
0
0
0
0
0
0
0
0
0
0
0
0
0
0
0
0
0
0
0
0
0
0
0
0
0
0
0
0
0
0
0
0
0
0
0
0
0
0
0
0
0
0
0
0
0
0
0
0
0
0
0
0
0
0
0
0
0
0
0
0
0
0
0
0
0
0
0
0
0
0
0
0
0
0
0
0
0
0
0
0
0
0
0
0
0
0
0
0
0
0
0
0
0
0
0
0
0
0
0
0
0
0
0
0
0
0
0
0
0
0
0
0
0
0
0
0
0
0
0
0
0
0
0
0
0
0
0
0
0
0
0
0
0
0
0
0
0
0
0
0
0
0
0
0
0
0
0
0
0
0
0
0
0
0
0
0
0
0
0
0
0
0
0
0
0
0
0
0
0
0
0
0
0
0
0
0
0
0
0
0
0
0
0
0
0
0
0
0
0
0
0
0
0
0
0
0
0
0
0
0
0
0
0
0
0
0
0
0
0
0
0
0
0
0
0
0
0
0
0
0
0
0
0
0
0
0
0
0
0
0
0
0
0
0
0
0
0
0
0
0
0
0
0
0
0
0
0
0
0
0
0
0
0
0
0
0
0
0
0
0
0