0.97392
0.973818
0.973716
0.973613
0.973511
0.973408
0.973305
0.973201
0.973098
0.972994
0.97289
0.972785
0.97268
0.972575
0.97247
0.972365
0.972259
0.972153
0.972047
0.97194
0.971833
0.971726
0.971619
0.971511
0.971403
0.971295
0.971187
0.971078
0.970969
0.970859
0.97075
0.97064
0.97053
0.97042
0.970309
0.970198
0.970087
0.969975
0.969863
0.969751
0.969639
0.969526
0.969413
0.9693
0.969186
0.969073
0.968958
0.968844
0.968729
0.968614
0.968499
0.968384
0.968268
0.968151
0.968035
0.967918
0.967801
0.967684
0.967566
0.967448
0.96733
0.967211
0.967092
0.966973
0.966854
0.966734
0.966614
0.966493
0.966372
0.966251
0.96613
0.966008
0.965886
0.965764
0.965641
0.965518
0.965395
0.965271
0.965148
0.965023
0.964899
0.964774
0.964649
0.964523
0.964397
0.964271
0.964144
0.964017
0.96389
0.963763
0.963635
0.963507
0.963378
0.963249
0.96312
0.96299
0.96286
0.96273
0.9626
0.962469
0.962337
0.962206
0.962074
0.961941
0.961809
0.961676
0.961542
0.961409
0.961274
0.96114
0.961005
0.96087
0.960734
0.960599
0.960462
0.960326
0.960189
0.960051
0.959914
0.959776
0.959637
0.959498
0.959359
0.95922
0.95908
0.958939
0.958799
0.958658
0.958516
0.958374
0.958232
0.95809
0.957947
0.957803
0.957659
0.957515
0.957371
0.957226
0.957081
0.956935
0.956789
0.956642
0.956495
0.956348
0.9562
0.956052
0.955904
0.955755
0.955606
0.955456
0.955306
0.955155
0.955004
0.954853
0.954701
0.954549
0.954397
0.954244
0.95409
0.953936
0.953782
0.953628
0.953472
0.953317
0.953161
0.953005
0.952848
0.952691
0.952533
0.952375
0.952216
0.952057
0.951898
0.951738
0.951578
0.951417
0.951256
0.951094
0.950932
0.95077
0.950607
0.950443
0.950279
0.950115
0.94995
0.949785
0.949619
0.949453
0.949287
0.949119
0.948952
0.948784
0.948615
0.948446
0.948277
0.948107
0.947937
0.947766
0.947595
0.947423
0.94725
0.947078
0.946904
0.946731
0.946556
0.946382
0.946207
0.946031
0.945855
0.945678
0.945501
0.945323
0.945145
0.944966
0.944787
0.944608
0.944427
0.944247
0.944066
0.943884
0.943702
0.943519
0.943336
0.943152
0.942968
0.942784
0.942598
0.942413
0.942226
0.942039
0.941852
0.941664
0.941476
0.941287
0.941098
0.940908
0.940718
0.940527
0.940336
0.940144
0.939952
0.939759
0.939566
0.939372
0.939177
0.938982
0.938786
0.93859
0.938393
0.938196
0.937999
0.937801
0.937602
0.937402
0.937203
0.937002
0.936801
0.936599
0.936397
0.936195
0.935991
0.935787
0.935583
0.935378
0.935173
0.934967
0.93476
0.934553
0.934345
0.934137
0.933928
0.933718
0.933508
0.933297
0.933086
0.932874
0.932661
0.932448
0.932235
0.932021
0.931806
0.931591
0.931375
0.931159
0.930941
0.930724
0.930505
0.930286
0.930066
0.929846
0.929625
0.929404
0.929182
0.928959
0.928736
0.928512
0.928288
0.928062
0.927837
0.92761
0.927383
0.927155
0.926927
0.926698
0.926468
0.926237
0.926006
0.925775
0.925543
0.92531
0.925076
0.924842
0.924607
0.924371
0.924135
0.923897
0.92366
0.923421
0.923182
0.922942
0.922702
0.92246
0.922219
0.921976
0.921733
0.921489
0.921244
0.920998
0.920752
0.920505
0.920258
0.920009
0.91976
0.91951
0.91926
0.919008
0.918756
0.918503
0.91825
0.917995
0.91774
0.917484
0.917228
0.91697
0.916712
0.916453
0.916194
0.915933
0.915672
0.91541
0.915148
0.914884
0.91462
0.914355
0.914089
0.913822
0.913555
0.913287
0.913017
0.912748
0.912477
0.912206
0.911933
0.91166
0.911386
0.911112
0.910836
0.91056
0.910283
0.910005
0.909727
0.909447
0.909167
0.908886
0.908604
0.908321
0.908037
0.907752
0.907467
0.907181
0.906894
0.906606
0.906317
0.906028
0.905737
0.905446
0.905154
0.904861
0.904567
0.904272
0.903976
0.90368
0.903382
0.903084
0.902784
0.902484
0.902182
0.90188
0.901576
0.901272
0.900967
0.900661
0.900354
0.900046
0.899737
0.899427
0.899117
0.898805
0.898492
0.898179
0.897864
0.897548
0.897232
0.896914
0.896596
0.896276
0.895956
0.895635
0.895312
0.894989
0.894665
0.894339
0.894013
0.893684
0.893355
0.893024
0.892693
0.89236
0.892027
0.891692
0.891357
0.89102
0.890682
0.890344
0.890004
0.889663
0.889322
0.888979
0.888634
0.888289
0.887943
0.887595
0.887247
0.886897
0.886546
0.886195
0.885842
0.885488
0.885133
0.884777
0.88442
0.884061
0.883701
0.883339
0.882976
0.882612
0.882246
0.88188
0.881512
0.881144
0.880774
0.880403
0.880031
0.879658
0.879283
0.878908
0.878531
0.878152
0.877773
0.877392
0.87701
0.876627
0.876243
0.875858
0.875471
0.875083
0.874694
0.874304
0.873913
0.87352
0.873127
0.87273
0.872331
0.871932
0.871531
0.871129
0.870726
0.870322
0.869916
0.869509
0.869101
0.868691
0.868281
0.867869
0.867455
0.86704
0.866622
0.866203
0.865783
0.865362
0.864939
0.864514
0.864089
0.863662
0.863234
0.862805
0.862374
0.861942
0.861508
0.861073
0.860636
0.860196
0.859756
0.859313
0.85887
0.858425
0.857979
0.857531
0.857082
0.856632
0.85618
0.855727
0.855272
0.854816
0.854359
0.853898
0.853436
0.852973
0.852508
0.852042
0.851574
0.851105
0.850635
0.850163
0.849689
0.849214
0.848738
0.84826
0.84778
0.847299
0.846816
0.846332
0.845846
0.845359
0.84487
0.844379
0.843887
0.843394
0.842899
0.842402
0.841904
0.841405
0.840904
0.840401
0.839896
0.83939
0.838882
0.838372
0.837861
0.837349
0.836835
0.836319
0.835802
0.835283
0.834762
0.83424
0.833716
0.833191
0.832664
0.832136
0.831606
0.831075
0.830542
0.830007
0.829471
0.828933
0.828393
0.827852
0.827309
0.826764
0.826218
0.82567
0.825121
0.82457
0.824018
0.823464
0.822909
0.822351
0.821793
0.821232
0.82067
0.820106
0.81954
0.818973
0.818404
0.817833
0.81726
0.816686
0.81611
0.815532
0.814953
0.814371
0.813788
0.813204
0.812617
0.812029
0.811439
0.810847
0.810253
0.809658
0.809061
0.808461
0.807855
0.807246
0.806636
0.806024
0.80541
0.804794
0.804177
0.803557
0.802936
0.802313
0.801688
0.801061
0.800433
0.799802
0.799169
0.798532
0.797894
0.797254
0.796613
0.795969
0.795323
0.794676
0.794026
0.793375
0.792722
0.792066
0.791409
0.79075
0.790088
0.789423
0.788755
0.788084
0.787412
0.786738
0.786061
0.785383
0.784703
0.784021
0.783337
0.782651
0.781963
0.781273
0.78058
0.779882
0.779176
0.778468
0.777758
0.777046
0.776332
0.775616
0.774898
0.774178
0.773456
0.772731
0.772005
0.771276
0.770546
0.769813
0.769077
0.768338
0.767596
0.766853
0.766108
0.765361
0.764611
0.76386
0.763106
0.76235
0.761593
0.760833
0.76007
0.759306
0.75854
0.757772
0.757001
0.756229
0.755454
0.754678
0.753899
0.753118
0.752335
0.751549
0.750762
0.749973
0.749181
0.748387
0.747591
0.74679
0.745987
0.745181
0.744373
0.743563
0.74275
0.741936
0.741119
0.7403
0.73948
0.738656
0.737831
0.737004
0.736175
0.735344
0.734514
0.733683
0.732849
0.732013
0.731175
0.730334
0.729492
0.728648
0.727801
0.726952
0.726101
0.725249
0.724393
0.723536
0.722677
0.721815
0.720952
0.720086
0.719218
0.718348
0.717476
0.716602
0.715725
0.714847
0.713967
0.713084
0.712199
0.711312
0.710424
0.709534
0.708642
0.707748
0.706852
0.705954
0.705053
0.704151
0.703247
0.70234
0.701432
0.700521
0.699608
0.698694
0.697776
0.696857
0.695933
0.695007
0.69408
0.69315
0.692219
0.691285
0.690349
0.689411
0.688472
0.68753
0.686586
0.68564
0.684692
0.683743
0.682792
0.68184
0.680886
0.679929
0.678971
0.678011
0.677048
0.676084
0.675118
0.67415
0.67318
0.672208
0.671234
0.670258
0.669281
0.668302
0.667321
0.666339
0.665355
0.664368
0.66338
0.66239
0.661398
0.660404
0.659409
0.658411
0.657412
0.656411
0.655412
0.654418
0.653426
0.652433
0.651438
0.650441
0.649442
0.648442
0.64744
0.646436
0.645431
0.644423
0.643415
0.642404
0.641392
0.640385
0.639379
0.638374
0.637366
0.636358
0.635347
0.634335
0.633322
0.632307
0.63129
0.630272
0.629252
0.628231
0.627209
0.626184
0.62516
0.624134
0.623106
0.622077
0.621047
0.620015
0.618982
0.617947
0.616911
0.615874
0.614835
0.613794
0.612753
0.61171
0.610665
0.609619
0.608571
0.607522
0.606472
0.60542
0.604367
0.603313
0.602257
0.6012
0.600142
0.599083
0.598023
0.596961
0.595898
0.594832
0.593763
0.592694
0.591624
0.590553
0.58948
0.588406
0.587331
0.586255
0.585178
0.5841
0.583021
0.581941
0.580859
0.579771
0.578668
0.577563
0.576458
0.575351
0.574243
0.573135
0.572025
0.570914
0.569803
0.568691
0.567577
0.566463
0.565348
0.56425
0.563176
0.562143
0.561109
0.560074
0.559039
0.558003
0.556966
0.555929
0.554891
0.553852
0.552813
0.551773
0.550732
0.549691
0.548645
0.547596
0.546542
0.545489
0.544435
0.54338
0.542326
0.54127
0.540214
0.539158
0.5381
0.537043
0.535985
0.534927
0.533868
0.532801
0.531729
0.530657
0.529585
0.528512
0.527438
0.526365
0.525291
0.524217
0.523142
0.522067
0.520992
0.519917
0.518841
0.517914
0.517177
0.516547
0.515918
0.515288
0.514659
0.514029
0.513399
0.51277
0.51214
0.51151
0.51088
0.51025
0.50962
0.50899
0.508628
0.508352
0.508124
0.507897
0.507669
0.507441
0.507214
0.506986
0.506759
0.506531
0.506303
0.506076
0.505848
0.50562
0.505393
0.505165
0.504937
0.50471
0.504482
0.504254
0.504027
0.503799
0.503571
0.503344
0.503116
0.502888
0.502661
0.502433
0.502205
0.501977
0.50175
0.501522
0.501294
0.501067
0.500839
0.500611
0.500383
0.500156
0.499928
0.4997
0.499473
0.499245
0.499017
0.498868
0.498855
0.498949
0.499043
0.499138
0.499232
0.499327
0.499421
0.499515
0.49961
0.499704
0.499798
0.499893
0.499987
0.500082
0.50014
0.500136
0.500131
0.500127
0.500122
0.500118
0.500114
0.500109
0.500105
0.500101
0.500096
0.500092
0.500087
0.500083
0.500078
0.500071
0.500063
0.500055
0.500046
0.500038
0.50003
0.500022
0.500014
0.500005
0.499997
0.499989
0.499981
0.499972
0.499964
0.499959
0.499954
0.499951
0.499948
0.499945
0.499942
0.499939
0.499936
0.499933
0.49993
0.499927
0.499924
0.499921
0.499918
0.499915
0.499913
0.499911
0.499908
0.499906
0.499904
0.499902
0.499899
0.499897
0.499895
0.499893
0.499891
0.499888
0.499886
0.499884
0.499882
0.49988
0.499878
0.499876
0.499874
0.499872
0.49987
0.499868
0.499866
0.499864
0.499863
0.499861
0.499859
0.499857
0.499855
0.499853
0.499852
0.499851
0.499849
0.499848
0.499847
0.499845
0.499844
0.499842
0.499841
0.49984
0.499838
0.499837
0.499836
0.499834
0.499832
0.49983
0.499827
0.499825
0.499823
0.49982
0.499818
0.499816
0.499813
0.499811
0.499809
0.499807
0.499804
0.499802
0.4998
0.499799
0.499797
0.499796
0.499794
0.499793
0.499791
0.49979
0.499788
0.499787
0.499785
0.499784
0.499783
0.499781
0.49978
0.499778
0.499777
0.499775
0.499774
0.499772
0.499771
0.499769
0.499768
0.499767
0.499765
0.499763
0.499762
0.499761
0.499759
0.499758
0.499759
0.499759
0.499759
0.499759
0.499759
0.499759
0.499759
0.49976
0.49976
0.49976
0.49976
0.49976
0.49976
0.499761
0.499762
0.499763
0.499765
0.499766
0.499768
0.499769
0.499771
0.499772
0.499774
0.499775
0.499777
0.499778
0.499779
0.499781
0.499784
0.499787
0.49979
0.499794
0.499797
0.499801
0.499804
0.499808
0.499811
0.499815
0.499818
0.499822
0.499825
0.499829
0.499832
0.499835
0.499839
0.499842
0.499846
0.499849
0.499853
0.499856
0.49986
0.499863
0.499867
0.49987
0.499874
0.499877
0.499881
0.499885
0.49989
0.499895
0.4999
0.499906
0.499911
0.499916
0.499921
0.499926
0.499932
0.499937
0.499942
0.499947
0.499952
0.499957
0.49996
0.499962
0.499964
0.499965
0.499967
0.499968
0.49997
0.499972
0.499973
0.499975
0.499976
0.499978
0.49998
0.499981
0.499982
0.499977
0.499972
0.499967
0.499962
0.499957
0.499953
0.499948
0.499943
0.499938
0.499933
0.499928
0.499924
0.499919
0.499914
0.499909
0.499904
0.499899
0.499895
0.49989
0.499885
0.49988
0.499875
0.49987
0.499866
0.499861
0.499856
0.499851
0.499846
0.499851
0.499866
0.499887
0.499909
0.499931
0.499953
0.499974
0.499991
0.5
0.5
0.5
0.5
0.5
0.5
0.499833
0.499768
0.499802
0.499837
0.499871
0.499906
0.49994
0.499975
0.499993
0.5
0.5
0.5
0.5
0.5
0.5
0.499793
0.499715
0.49976
0.499806
0.499851
0.499897
0.499942
0.499988
0.5
0.5
0.5
0.5
0.5
0.5
0.5
0.499798
0.499723
0.499771
0.499818
0.499866
0.499913
0.49996
0.499991
0.5
0.5
0.5
0.5
0.5
0.499937
0.499707
0.499726
0.499769
0.499812
0.499855
0.499898
0.499941
0.499982
0.499996
0.5
0.5
0.5
0.5
0.5
0.49996
0.499812
0.499825
0.499855
0.499884
0.499914
0.499944
0.499973
0.5
0.5
0.5
0.5
0.5
0.5
0.5
0.49998
0.499907
0.499914
0.49993
0.499946
0.499961
0.499977
0.49999
0.5
0.5
0.5
0.5
0.5
0.5
0.499972
0.499943
0.499951
0.499959
0.499967
0.499975
0.499984
0.499992
0.499996
0.499997
0.499993
0.49999
0.499986
0.499983
0.49998
0.499988
0.5
0.5
0.5
0.5
0.5
0.5
0.5
0.5
0.5
0.500001
0.500001
0.500001
0.500002
0.500002
0.500001
0.5
0.5
0.5
0.5
0.5
0.5
0.5
0.5
0.499999
0.499999
0.499999
0.499998
0.499998
0.499998
0.499998
0.499998
0.499998
0.499999
0.499999
0.499999
0.5
0.5
0.499999
0.499999
0.499998
0.499998
0.499998
0.499997
0.499999
0.5
0.5
0.5
0.5
0.5
0.5
0.5
0.5
0.5
0.5
0.5
0.5
0.499999
0.499999
0.499999
0.499999
0.5
0.5
0.5
0.5
0.5
0.5
0.5
0.5
0.5
0.5
0.500001
0.500001
0.500001
0.5
0.5
0.5
0.5
0.5
0.5
0.5
0.5
0.5
0.5
0.5
0.5
0.5
0.5
0.5
0.5
0.5
0.5
0.5
0.5
0.5
0.5
0.5
0.5
0.5
0.5
0.5
0.5
0.5
0.5
0.5
0.5
0.5
0.5
0.5
0.5
0.5
0.5
0.5
0.5
0.5
0.5
0.5
0.5
0.5
0.5
0.5
0.5
0.5
0.5
0.5
0.5
0.5
0.5
0.5
0.5
0.5
0.5
0.5
0.5
0.5
0.5
0.5
0.5
0.5
0.5
0.5
0.5
0.5
0.5
0.5
0.5
0.5
0.5
0.5
0.5
0.5
0.5
0.5
0.5
0.5
0.5
0.5
0.5
0.5
0.5
0.5
0.5
0.5
0.5
0.5
0.5
0.5
0.5
0.5
0.5
0.5
0.5
0.5
0.5
0.5
0.5
0.5
0.5
0.5
0.5
0.5
0.5
0.5
0.5
0.5
0.5
0.5
0.5
0.5
0.5
0.5
0.5
0.5
0.5
0.5
0.5
0.5
0.5
0.5
0.5
0.5
0.5
0.5
0.5
0.5
0.5
0.5
0.5
0.5
0.5
0.5
0.5
0.5
0.5
0.5
0.5
0.5
0.5
0.5
0.5
0.5
0.5
0.5
0.5
0.5
0.5
0.5
0.5
0.5
0.5
0.5
0.5
0.5
0.5
0.5
0.5
0.5
0.5
0.5
0.5
0.5
0.5
0.5
0.5
0.5
0.5
0.5
0.5
0.5
0.5
0.5
0.5
0.5
0.5
0.5
0.5
0.5
0.5
0.5
0.5
0.5
0.5
0.5
0.5
0.5
0.5
0.5
0.5
0.5
0.5
0.5
0.5
0.5
0.5
0.5
0.5
0.5
0.5
0.5
0.5
0.5
0.5
0.5
0.5
0.5
0.5
0.5
0.5
0.5
0.5
0.5
0.5
0.5
0.5
0.5
0.5
0.5
0.5
0.5
0.5
0.5
0.5
0.5
0.5
0.5
0.5
0.5
0.5
0.5
0.5
0.5
0.5
0.5
0.5
0.5
0.5
0.5
0.5
0.5
0.5
0.5
0.5
0.5
0.5
0.5
0.5
0.5
0.5
0.5
0.5
0.5
0.5
0.5
0.5
0.5
0.5
0.5
0.5
0.5
0.5
0.5
0.5
0.5
0.5
0.5
0.5
0.5
0.5
0.5
0.5
0.5
0.5
0.5
0.5
0.5
0.5
0.5
0.5
0.5
0.5
0.5
0.5
0.5
0.5
0.5
0.5
0.5
0.5
0.5
0.5
0.5
0.5
0.5
0.5
0.5
0.5
0.5
0.5
0.5
0.5
0.5
0.5
0.5
0.5
0.5
0.5
0.5
0.5
0.5
0.5
0.5
0.5
0.5
0.5
0.5
0.5
0.5
0.5
0.5
0.5
0.5
0.5
0.5
0.5
0.5
0.5
0.5
0.5
0.5
0.5
0.5
0.5
0.5
0.5
0.5
0.5
0.5
0.5
0.5
0.5
0.5
0.5
0.5
0.5
0.5
0.5
0.5
0.5
0.5
0.5
0.5
0.5
0.5
0.5
0.5
0.5
0.5
0.5
0.5
0.5
0.5
0.5
0.5
0.5
0.5
0.5
0.5
0.5
0.5
0.5
0.5
0.5
0.5
0.5
0.5
0.5
0.5
0.5
0.5
0.5
0.5
0.5
0.5
0.5
0.5
0.5
0.5
0.5
0.5
0.5
0.5
0.5
0.5
0.5
0.5
0.5
0.5
0.5
0.5
0.5
0.5
0.5
0.5
0.5
0.5
0.5
0.5
0.5
0.5
0.5
0.5
0.5
0.5
0.5
0.5
0.5
0.5
0.5
0.5
0.5
0.5
0.5
0.5
0.5
0.5
0.5
0.5
0.5
0.5
0.5
0.5
0.5
0.5
0.5
0.5
0.5
0.5
0.5
0.5
0.5
0.5
0.5
0.5
0.5
0.5
0.5
0.5
0.5
0.5
0.5
0.5
0.5
0.5
0.5
0.5
0.5
0.5
0.5
0.5
0.5
0.5
0.5
0.5
0.5
0.5
0.5
0.5
0.5
0.5
0.5
0.5
0.5
0.5
0.5
0.5
0.5
0.5
0.5
0.5
0.5
0.5
0.5
0.5
0.5
0.5
0.5
0.5
0.5
0.5
0.5
0.5
0.5
0.5
0.5
0.5
0.5
0.5
0.5
0.5
0.5
0.5
0.5
0.5
0.5
0.5
0.5
0.5
0.5
0.5
0.5
0.5
0.5
0.5
0.5
0.5
0.5
0.5
0.5
0.5
0.5
0.5
0.5
0.5
0.5
0.5
0.5
0.5
0.5
0.5
0.5
0.5
0.5
0.5
0.5
0.5
0.5
0.5
0.5
0.5
0.5
0.5
0.5
0.5
0.5
0.5
0.5
0.5
0.5
0.5
0.5
0.5
0.5
0.5
0.5
