0.971641
0.97154
0.971438
0.971336
0.971234
0.971132
0.971029
0.970926
0.970823
0.97072
0.970616
0.970512
0.970408
0.970303
0.970199
0.970094
0.969988
0.969883
0.969777
0.969671
0.969565
0.969458
0.969351
0.969244
0.969137
0.969029
0.968921
0.968813
0.968704
0.968596
0.968487
0.968377
0.968268
0.968158
0.968048
0.967937
0.967827
0.967716
0.967604
0.967493
0.967381
0.967269
0.967156
0.967044
0.966931
0.966817
0.966704
0.96659
0.966476
0.966361
0.966247
0.966132
0.966016
0.965901
0.965785
0.965669
0.965552
0.965435
0.965318
0.965201
0.965083
0.964965
0.964847
0.964728
0.964609
0.96449
0.96437
0.96425
0.96413
0.96401
0.963889
0.963768
0.963646
0.963525
0.963403
0.96328
0.963158
0.963035
0.962911
0.962788
0.962664
0.962539
0.962415
0.96229
0.962164
0.962039
0.961913
0.961787
0.96166
0.961533
0.961406
0.961278
0.96115
0.961022
0.960893
0.960764
0.960635
0.960506
0.960376
0.960245
0.960115
0.959984
0.959852
0.959721
0.959588
0.959456
0.959323
0.95919
0.959057
0.958923
0.958789
0.958654
0.958519
0.958384
0.958249
0.958113
0.957976
0.95784
0.957703
0.957565
0.957427
0.957289
0.957151
0.957012
0.956873
0.956733
0.956593
0.956452
0.956312
0.956171
0.956029
0.955887
0.955745
0.955602
0.955459
0.955316
0.955172
0.955028
0.954883
0.954738
0.954593
0.954447
0.954301
0.954154
0.954007
0.95386
0.953712
0.953564
0.953415
0.953266
0.953117
0.952967
0.952817
0.952666
0.952515
0.952364
0.952212
0.95206
0.951907
0.951754
0.951601
0.951447
0.951292
0.951137
0.950982
0.950827
0.950671
0.950514
0.950357
0.9502
0.950042
0.949884
0.949725
0.949566
0.949407
0.949247
0.949086
0.948925
0.948764
0.948602
0.94844
0.948278
0.948115
0.947951
0.947787
0.947623
0.947458
0.947292
0.947126
0.94696
0.946793
0.946626
0.946459
0.94629
0.946122
0.945953
0.945783
0.945613
0.945443
0.945272
0.9451
0.944928
0.944756
0.944583
0.94441
0.944236
0.944061
0.943887
0.943711
0.943535
0.943359
0.943182
0.943005
0.942827
0.942649
0.94247
0.942291
0.942111
0.941931
0.94175
0.941569
0.941387
0.941205
0.941022
0.940839
0.940655
0.94047
0.940286
0.9401
0.939914
0.939728
0.939541
0.939353
0.939165
0.938977
0.938788
0.938599
0.938409
0.938219
0.938028
0.937837
0.937645
0.937452
0.937259
0.937066
0.936871
0.936677
0.936481
0.936286
0.93609
0.935893
0.935696
0.935498
0.9353
0.935101
0.934901
0.934701
0.9345
0.934299
0.934097
0.933895
0.933692
0.933489
0.933285
0.93308
0.932875
0.93267
0.932464
0.932257
0.93205
0.931842
0.931633
0.931424
0.931214
0.931004
0.930793
0.930581
0.930369
0.930157
0.929944
0.92973
0.929516
0.929301
0.929086
0.92887
0.928653
0.928435
0.928217
0.927999
0.92778
0.92756
0.927339
0.927118
0.926897
0.926675
0.926452
0.926229
0.926004
0.92578
0.925554
0.925328
0.925102
0.924874
0.924646
0.924418
0.924188
0.923958
0.923728
0.923497
0.923265
0.923032
0.922799
0.922565
0.922331
0.922095
0.921859
0.921623
0.921386
0.921148
0.920909
0.920669
0.920429
0.920189
0.919947
0.919705
0.919462
0.919219
0.918974
0.918729
0.918484
0.918237
0.91799
0.917742
0.917493
0.917244
0.916994
0.916743
0.916491
0.916239
0.915986
0.915732
0.915477
0.915222
0.914966
0.914709
0.914451
0.914193
0.913934
0.913674
0.913413
0.913152
0.912889
0.912626
0.912363
0.912098
0.911833
0.911566
0.9113
0.911032
0.910763
0.910494
0.910224
0.909953
0.909681
0.909409
0.909135
0.908861
0.908586
0.908311
0.908034
0.907757
0.907479
0.9072
0.90692
0.906639
0.906358
0.906075
0.905792
0.905508
0.905223
0.904938
0.904651
0.904364
0.904076
0.903787
0.903497
0.903206
0.902914
0.902622
0.902329
0.902034
0.901739
0.901443
0.901146
0.900848
0.900549
0.900249
0.899948
0.899646
0.899343
0.899039
0.898735
0.898429
0.898123
0.897815
0.897507
0.897198
0.896888
0.896576
0.896264
0.895951
0.895637
0.895322
0.895006
0.894689
0.894371
0.894052
0.893733
0.893412
0.89309
0.892767
0.892443
0.892118
0.891792
0.891464
0.891135
0.890805
0.890474
0.890142
0.889809
0.889475
0.88914
0.888804
0.888467
0.888129
0.88779
0.88745
0.887108
0.886766
0.886422
0.886077
0.885732
0.885385
0.885037
0.884688
0.884338
0.883987
0.883635
0.883282
0.882927
0.882572
0.882215
0.881856
0.881496
0.881135
0.880772
0.880409
0.880044
0.879678
0.879311
0.878943
0.878574
0.878204
0.877832
0.87746
0.877086
0.876711
0.876334
0.875957
0.875578
0.875198
0.874817
0.874434
0.874051
0.873666
0.87328
0.872893
0.872505
0.872115
0.871725
0.871333
0.870938
0.870541
0.870144
0.869745
0.869345
0.868944
0.868541
0.868138
0.867732
0.867326
0.866919
0.86651
0.8661
0.865688
0.865275
0.86486
0.864443
0.864024
0.863605
0.863184
0.862762
0.862339
0.861914
0.861488
0.86106
0.860632
0.860202
0.85977
0.859337
0.858902
0.858465
0.858026
0.857586
0.857145
0.856702
0.856258
0.855813
0.855366
0.854917
0.854468
0.854017
0.853564
0.853111
0.852655
0.852197
0.851737
0.851276
0.850813
0.850349
0.849884
0.849417
0.848949
0.848479
0.848008
0.847535
0.847061
0.846586
0.846108
0.845629
0.845149
0.844667
0.844183
0.843698
0.843212
0.842724
0.842234
0.841743
0.84125
0.840756
0.84026
0.839763
0.839265
0.838764
0.838262
0.837758
0.837252
0.836746
0.836237
0.835727
0.835215
0.834702
0.834187
0.833671
0.833153
0.832633
0.832112
0.831589
0.831065
0.830539
0.830012
0.829483
0.828953
0.82842
0.827887
0.827351
0.826814
0.826276
0.825735
0.825193
0.82465
0.824104
0.823558
0.82301
0.82246
0.821909
0.821356
0.820802
0.820245
0.819688
0.819128
0.818567
0.818004
0.817439
0.816873
0.816305
0.815735
0.815164
0.81459
0.814015
0.813438
0.81286
0.81228
0.811698
0.811114
0.810529
0.809941
0.809352
0.808762
0.808169
0.807575
0.806978
0.806375
0.805769
0.805162
0.804553
0.803942
0.803329
0.802714
0.802098
0.80148
0.80086
0.800238
0.799614
0.798988
0.798361
0.79773
0.797097
0.796462
0.795825
0.795186
0.794546
0.793903
0.793259
0.792613
0.791964
0.791314
0.790662
0.790008
0.789353
0.788694
0.788032
0.787366
0.786699
0.78603
0.785359
0.784686
0.784011
0.783334
0.782655
0.781975
0.781292
0.780607
0.77992
0.779232
0.778536
0.777834
0.77713
0.776423
0.775714
0.775004
0.774291
0.773576
0.77286
0.772141
0.77142
0.770697
0.769972
0.769245
0.768515
0.767783
0.767048
0.76631
0.76557
0.764829
0.764085
0.763339
0.762591
0.761841
0.761089
0.760335
0.759579
0.75882
0.75806
0.757297
0.756532
0.755766
0.754997
0.754226
0.753453
0.752678
0.751901
0.751122
0.75034
0.749556
0.748771
0.747983
0.747193
0.746401
0.745604
0.744804
0.744002
0.743198
0.742392
0.741583
0.740773
0.73996
0.739145
0.738328
0.737509
0.736688
0.735864
0.735039
0.734213
0.733387
0.732559
0.731729
0.730897
0.730063
0.729227
0.728389
0.727548
0.726706
0.725861
0.725014
0.724166
0.723315
0.722461
0.721606
0.720749
0.719889
0.719028
0.718164
0.717298
0.71643
0.71556
0.714688
0.713814
0.712938
0.712059
0.711179
0.710296
0.709412
0.708526
0.707639
0.706749
0.705857
0.704963
0.704067
0.70317
0.70227
0.701367
0.700463
0.699557
0.698649
0.697739
0.696826
0.69591
0.694991
0.69407
0.693147
0.692222
0.691295
0.690365
0.689434
0.688501
0.687566
0.686628
0.685689
0.684748
0.683804
0.68286
0.681913
0.680966
0.680016
0.679064
0.67811
0.677155
0.676197
0.675237
0.674276
0.673313
0.672347
0.67138
0.670411
0.669439
0.668467
0.667493
0.666517
0.665539
0.66456
0.663578
0.662595
0.661609
0.660622
0.659633
0.658642
0.65765
0.656655
0.655659
0.654665
0.653676
0.652689
0.6517
0.65071
0.649718
0.648724
0.647728
0.646731
0.645732
0.644731
0.643729
0.642725
0.641719
0.640712
0.63971
0.638709
0.637708
0.636706
0.635702
0.634697
0.633689
0.632681
0.631671
0.630659
0.629646
0.628631
0.627615
0.626597
0.625578
0.624558
0.623537
0.622514
0.62149
0.620465
0.619438
0.61841
0.61738
0.616349
0.615317
0.614283
0.613247
0.612211
0.611173
0.610133
0.609092
0.608049
0.607005
0.60596
0.604913
0.603865
0.602816
0.601766
0.600714
0.599661
0.598607
0.597551
0.596495
0.595436
0.594376
0.593313
0.592249
0.591183
0.590117
0.58905
0.587981
0.586911
0.585841
0.584769
0.583696
0.582622
0.581547
0.580471
0.579388
0.57829
0.57719
0.57609
0.574989
0.573886
0.572783
0.571679
0.570573
0.569467
0.56836
0.567252
0.566143
0.565034
0.563941
0.562872
0.561844
0.560815
0.559785
0.558755
0.557724
0.556692
0.55566
0.554627
0.553593
0.552559
0.551524
0.550488
0.549452
0.548411
0.547367
0.546319
0.54527
0.544221
0.543172
0.542122
0.541072
0.540021
0.538969
0.537917
0.536865
0.535812
0.534759
0.533705
0.532644
0.531577
0.53051
0.529442
0.528375
0.527306
0.526238
0.525169
0.5241
0.523031
0.521961
0.520891
0.519821
0.518751
0.517828
0.517094
0.516468
0.515841
0.515215
0.514588
0.513962
0.513335
0.512708
0.512081
0.511455
0.510828
0.510201
0.509574
0.508947
0.508587
0.508312
0.508085
0.507859
0.507632
0.507406
0.507179
0.506953
0.506726
0.506499
0.506273
0.506046
0.50582
0.505593
0.505367
0.50514
0.504914
0.504687
0.50446
0.504234
0.504007
0.503781
0.503554
0.503328
0.503101
0.502874
0.502648
0.502421
0.502195
0.501968
0.501741
0.501515
0.501288
0.501061
0.500835
0.500608
0.500381
0.500155
0.499928
0.499702
0.499475
0.499249
0.499022
0.498873
0.49886
0.498954
0.499048
0.499142
0.499236
0.49933
0.499424
0.499518
0.499612
0.499706
0.499799
0.499893
0.499987
0.500081
0.500139
0.500135
0.500131
0.500126
0.500122
0.500118
0.500113
0.500109
0.500104
0.5001
0.500096
0.500091
0.500087
0.500083
0.500077
0.500071
0.500063
0.500054
0.500046
0.500038
0.50003
0.500022
0.500013
0.500005
0.499997
0.499989
0.499981
0.499973
0.499964
0.499959
0.499955
0.499952
0.499949
0.499946
0.499943
0.49994
0.499937
0.499934
0.499931
0.499928
0.499925
0.499922
0.499919
0.499916
0.499913
0.499911
0.499909
0.499907
0.499904
0.499902
0.4999
0.499898
0.499895
0.499893
0.499891
0.499889
0.499887
0.499884
0.499882
0.49988
0.499878
0.499876
0.499875
0.499873
0.499871
0.499869
0.499867
0.499865
0.499863
0.499861
0.499859
0.499857
0.499856
0.499854
0.499853
0.499851
0.49985
0.499849
0.499847
0.499846
0.499845
0.499843
0.499842
0.499841
0.499839
0.499838
0.499837
0.499835
0.499833
0.49983
0.499828
0.499826
0.499824
0.499821
0.499819
0.499817
0.499814
0.499812
0.49981
0.499807
0.499805
0.499803
0.499801
0.4998
0.499798
0.499797
0.499795
0.499794
0.499792
0.499791
0.499789
0.499788
0.499786
0.499785
0.499784
0.499782
0.499781
0.499779
0.499778
0.499776
0.499775
0.499773
0.499772
0.499771
0.499769
0.499768
0.499766
0.499765
0.499763
0.499762
0.49976
0.49976
0.49976
0.49976
0.49976
0.49976
0.49976
0.499761
0.499761
0.499761
0.499761
0.499761
0.499761
0.499761
0.499761
0.499762
0.499763
0.499764
0.499766
0.499767
0.499769
0.49977
0.499772
0.499773
0.499775
0.499776
0.499778
0.499779
0.49978
0.499782
0.499785
0.499788
0.499791
0.499795
0.499798
0.499802
0.499805
0.499809
0.499812
0.499815
0.499819
0.499822
0.499826
0.499829
0.499833
0.499836
0.49984
0.499843
0.499847
0.49985
0.499854
0.499857
0.499861
0.499864
0.499867
0.499871
0.499874
0.499878
0.499881
0.499886
0.49989
0.499896
0.499901
0.499906
0.499911
0.499916
0.499922
0.499927
0.499932
0.499937
0.499942
0.499948
0.499953
0.499957
0.49996
0.499962
0.499964
0.499965
0.499967
0.499968
0.49997
0.499972
0.499973
0.499975
0.499976
0.499978
0.49998
0.499981
0.499982
0.499977
0.499972
0.499967
0.499962
0.499958
0.499953
0.499948
0.499943
0.499938
0.499934
0.499929
0.499924
0.499919
0.499914
0.49991
0.499905
0.4999
0.499895
0.49989
0.499885
0.499881
0.499876
0.499871
0.499866
0.499861
0.499857
0.499852
0.499847
0.499852
0.499866
0.499888
0.499909
0.499931
0.499953
0.499974
0.499991
0.5
0.5
0.5
0.5
0.5
0.5
0.499833
0.499769
0.499803
0.499838
0.499872
0.499906
0.499941
0.499975
0.499993
0.5
0.5
0.5
0.5
0.5
0.5
0.499794
0.499716
0.499761
0.499806
0.499852
0.499897
0.499942
0.499988
0.5
0.5
0.5
0.5
0.5
0.5
0.5
0.499799
0.499724
0.499772
0.499819
0.499867
0.499914
0.49996
0.499991
0.5
0.5
0.5
0.5
0.5
0.499938
0.499708
0.499727
0.49977
0.499813
0.499856
0.499899
0.499941
0.499982
0.499996
0.5
0.5
0.5
0.5
0.5
0.49996
0.499813
0.499826
0.499856
0.499885
0.499914
0.499944
0.499973
0.5
0.5
0.5
0.5
0.5
0.5
0.5
0.49998
0.499907
0.499915
0.49993
0.499946
0.499962
0.499977
0.499991
0.5
0.5
0.5
0.5
0.5
0.5
0.499972
0.499943
0.499951
0.499959
0.499967
0.499976
0.499984
0.499992
0.499997
0.499997
0.499993
0.49999
0.499987
0.499983
0.49998
0.499989
0.5
0.5
0.5
0.5
0.5
0.5
0.5
0.5
0.5
0.500001
0.500001
0.500001
0.500002
0.500002
0.500001
0.5
0.5
0.5
0.5
0.5
0.5
0.5
0.5
0.499999
0.499999
0.499999
0.499998
0.499998
0.499998
0.499998
0.499998
0.499998
0.499999
0.499999
0.499999
0.5
0.5
0.499999
0.499999
0.499998
0.499998
0.499998
0.499997
0.499999
0.5
0.5
0.5
0.5
0.5
0.5
0.5
0.5
0.5
0.5
0.5
0.5
0.499999
0.499999
0.499999
0.499999
0.5
0.5
0.5
0.5
0.5
0.5
0.5
0.5
0.5
0.5
0.5
0.500001
0.500001
0.5
0.5
0.5
0.5
0.5
0.5
0.5
0.5
0.5
0.5
0.5
0.5
0.5
0.5
0.5
0.5
0.5
0.5
0.5
0.5
0.5
0.5
0.5
0.5
0.5
0.5
0.5
0.5
0.5
0.5
0.5
0.5
0.5
0.5
0.5
0.5
0.5
0.5
0.5
0.5
0.5
0.5
0.5
0.5
0.5
0.5
0.5
0.5
0.5
0.5
0.5
0.5
0.5
0.5
0.5
0.5
0.5
0.5
0.5
0.5
0.5
0.5
0.5
0.5
0.5
0.5
0.5
0.5
0.5
0.5
0.5
0.5
0.5
0.5
0.5
0.5
0.5
0.5
0.5
0.5
0.5
0.5
0.5
0.5
0.5
0.5
0.5
0.5
0.5
0.5
0.5
0.5
0.5
0.5
0.5
0.5
0.5
0.5
0.5
0.5
0.5
0.5
0.5
0.5
0.5
0.5
0.5
0.5
0.5
0.5
0.5
0.5
0.5
0.5
0.5
0.5
0.5
0.5
0.5
0.5
0.5
0.5
0.5
0.5
0.5
0.5
0.5
0.5
0.5
0.5
0.5
0.5
0.5
0.5
0.5
0.5
0.5
0.5
0.5
0.5
0.5
0.5
0.5
0.5
0.5
0.5
0.5
0.5
0.5
0.5
0.5
0.5
0.5
0.5
0.5
0.5
0.5
0.5
0.5
0.5
0.5
0.5
0.5
0.5
0.5
0.5
0.5
0.5
0.5
0.5
0.5
0.5
0.5
0.5
0.5
0.5
0.5
0.5
0.5
0.5
0.5
0.5
0.5
0.5
0.5
0.5
0.5
0.5
0.5
0.5
0.5
0.5
0.5
0.5
0.5
0.5
0.5
0.5
0.5
0.5
0.5
0.5
0.5
0.5
0.5
0.5
0.5
0.5
0.5
0.5
0.5
0.5
0.5
0.5
0.5
0.5
0.5
0.5
0.5
0.5
0.5
0.5
0.5
0.5
0.5
0.5
0.5
0.5
0.5
0.5
0.5
0.5
0.5
0.5
0.5
0.5
0.5
0.5
0.5
0.5
0.5
0.5
0.5
0.5
0.5
0.5
0.5
0.5
0.5
0.5
0.5
0.5
0.5
0.5
0.5
0.5
0.5
0.5
0.5
0.5
0.5
0.5
0.5
0.5
0.5
0.5
0.5
0.5
0.5
0.5
0.5
0.5
0.5
0.5
0.5
0.5
0.5
0.5
0.5
0.5
0.5
0.5
0.5
0.5
0.5
0.5
0.5
0.5
0.5
0.5
0.5
0.5
0.5
0.5
0.5
0.5
0.5
0.5
0.5
0.5
0.5
0.5
0.5
0.5
0.5
0.5
0.5
0.5
0.5
0.5
0.5
0.5
0.5
0.5
0.5
0.5
0.5
0.5
0.5
0.5
0.5
0.5
0.5
0.5
0.5
0.5
0.5
0.5
0.5
0.5
0.5
0.5
0.5
0.5
0.5
0.5
0.5
0.5
0.5
0.5
0.5
0.5
0.5
0.5
0.5
0.5
0.5
0.5
0.5
0.5
0.5
0.5
0.5
0.5
0.5
0.5
0.5
0.5
0.5
0.5
0.5
0.5
0.5
0.5
0.5
0.5
0.5
0.5
0.5
0.5
0.5
0.5
0.5
0.5
0.5
0.5
0.5
0.5
0.5
0.5
0.5
0.5
0.5
0.5
0.5
0.5
0.5
0.5
0.5
0.5
0.5
0.5
0.5
0.5
0.5
0.5
0.5
0.5
0.5
0.5
0.5
0.5
0.5
0.5
0.5
0.5
0.5
0.5
0.5
0.5
0.5
0.5
0.5
0.5
0.5
0.5
0.5
0.5
0.5
0.5
0.5
0.5
0.5
0.5
0.5
0.5
0.5
0.5
0.5
0.5
0.5
0.5
0.5
0.5
0.5
0.5
0.5
0.5
0.5
0.5
0.5
0.5
0.5
0.5
0.5
0.5
0.5
0.5
0.5
0.5
0.5
0.5
0.5
0.5
0.5
0.5
0.5
0.5
0.5
0.5
0.5
0.5
0.5
0.5
0.5
0.5
0.5
0.5
0.5
0.5
0.5
0.5
0.5
0.5
0.5
0.5
0.5
0.5
0.5
0.5
0.5
0.5
0.5
0.5
0.5
0.5
0.5
0.5
0.5
0.5
0.5
0.5
0.5
0.5
0.5
0.5
0.5
0.5
0.5
0.5
0.5
0.5
0.5
0.5
0.5
0.5
0.5
0.5
0.5
0.5
0.5
0.5
0.5
0.5
0.5
0.5
0.5
0.5
0.5
0.5
0.5
0.5
0.5
0.5
0.5
0.5
0.5
0.5
0.5
0.5
0.5
0.5
0.5
0.5
0.5
0.5
0.5
0.5
0.5
0.5
0.5
0.5
0.5
0.5
0.5
0.5
0.5
0.5
0.5
0.5
0.5
0.5
0.5
0.5
0.5
0.5
0.5
0.5
0.5
0.5
